timestamp, p_x, p_y, p_z, q_x, q_y, q_z, q_w
DSC00734.JPG,90.98754123039544,12.461254323134199,83.85931532901327,0.3588989748596282,0.9328936540948268,0.03001558966584024,0.00014272813716594598
DSC00736.JPG,87.44206112250686,15.1358335937839,83.85423573792582,0.3593127143515381,0.9327467528419803,0.029620199116691212,0.0007156621827269404
DSC00739.JPG,83.08664339408278,18.499746659304947,83.90384242342179,0.3595055819983547,0.9326899916777728,0.029037237877676886,0.0013981246636227095
DSC00741.JPG,80.41352602280676,20.68456982728094,83.84729015938558,0.35963799734724083,0.9326633553997945,0.02824626183862293,0.001313411819089494
DSC00743.JPG,77.54893897473812,22.912786485627294,83.83607662721647,0.35977869315041655,0.9326240210030122,0.02775637782883374,0.0011449423455022593
DSC00745.JPG,74.65494121052325,25.20175643870607,83.85169627394987,0.35977731394230955,0.9326163178246107,0.02802070991796858,0.001388493937510002
DSC00747.JPG,70.84507256560028,28.032642357749864,83.88331576842643,0.35990886068801725,0.9325199770541086,0.02944322066265687,0.002280603049125816
DSC00750.JPG,66.72848669625819,31.392134283436462,83.91758812026376,0.36000210901926943,0.9324802025202845,0.029492389225231407,0.0030581672935095904
DSC00752.JPG,64.0987212434411,33.59170846128836,83.91661388671582,0.36019577754266446,0.9324133493795759,0.02916379261284683,0.003717652435477653
DSC00768.JPG,70.96387832053006,31.63675409788266,83.91120100848775,0.3612126314307052,0.932079638629254,0.0272001661552995,0.0036239631329495043
DSC00779.JPG,86.8333800509572,18.881475429050624,83.86127124672475,0.36170984125846634,0.9318382722432494,0.02897788299187084,0.0019254653463873215
DSC00800.JPG,95.79261631518602,15.04789255023934,83.84599699814339,0.36123810590754596,0.9320614814777999,0.027709816574199846,0.0007691886384615628
DSC00802.JPG,92.6613004244864,17.841271093580872,83.85627715177179,0.3612870878516352,0.932048332427354,0.02749313720770046,0.0012936682538883329
DSC00806.JPG,86.77315642498434,22.715883256634697,83.94301623043305,0.361522764135511,0.9319107564946699,0.0289655069359987,0.0021522893142067265
DSC00809.JPG,82.04259090870619,26.289772690972313,83.97489720313456,0.36178387041148957,0.9318472585979805,0.027672918581772503,0.002706904260852567
DSC00812.JPG,78.0589476171881,29.436775544425473,83.98102238212937,0.3620889310485373,0.9317349216114956,0.02741912295163788,0.0031358504923350585
DSC00814.JPG,74.6373315602541,32.16327162599191,83.9695704510724,0.3622557552252407,0.9316417987727097,0.028237234614779488,0.004121306473699054
DSC00817.JPG,70.46230580471456,35.473809100920334,83.95282453165021,0.3623642286632044,0.9315624588264685,0.029406048940210032,0.004339974220038051
DSC00819.JPG,67.62430473789573,37.717251408845186,83.927925693916,0.36253849182974607,0.9315002430167207,0.02922493348760161,0.004363767208379492
DSC00835.JPG,74.39907675422728,36.01008738903329,83.9653498838245,0.36332605057230427,0.9312771682189389,0.026248523955212873,0.005294517902323979
DSC00842.JPG,86.16417581029236,26.343768301187083,83.88800446194352,0.3634292018132596,0.9311572807606874,0.029003495570235925,0.004912331467523651
DSC00845.JPG,91.28835143335164,22.37439775886014,83.88851844125634,0.36359447991421556,0.9311450581395384,0.027351656676648455,0.004452162987766343
DSC00866.JPG,98.95486144907773,19.97650941554457,83.94029626181134,0.3623949705526801,0.9316608620013997,0.02597407766123352,0.0018085415612965736
DSC00869.JPG,94.5325915236026,23.52189530688338,83.99905383126008,0.36256804721196545,0.9315847122102183,0.026235229559335712,0.0024592370920812393
DSC00871.JPG,91.89985636249185,25.67509365780279,83.98907583458617,0.3623812467460783,0.931657379921464,0.026205794902905883,0.0027594851218247546
DSC00875.JPG,86.64767137356102,29.90423183492385,83.95584490182671,0.362599444769554,0.9315507716385356,0.02688554366261177,0.0034597766439162497
DSC00877.JPG,83.05930982902646,32.736906583886594,83.93548247202762,0.3625724085801959,0.9315698679620725,0.0265675321748115,0.0036049792818747873
DSC00880.JPG,78.22688799537718,36.44483931711875,83.89262322045977,0.362630644738154,0.9315167779948941,0.027332594166224373,0.00533264539858343
DSC00883.JPG,74.4550125990063,39.39389204769395,83.86035664177871,0.3628358509923847,0.9314168639188162,0.027862185437607503,0.006038995355984592
DSC00885.JPG,71.32837199233472,41.80207693949342,83.84169583494872,0.3630664446838286,0.9313347624606347,0.02763423530038835,0.005887785356203822
DSC00902.JPG,77.87891439720988,40.483097575372085,83.87636334821036,0.36509000013638004,0.9306701303769113,0.02336498568584401,0.004059269459026013
DSC00905.JPG,82.46853494085371,36.834139752201736,83.8467267686799,0.36503173675149114,0.9306318888085388,0.025683756385639786,0.00405750597832144
DSC00910.JPG,90.24127980694175,30.35986653366126,83.90287132698097,0.3647231377772818,0.9307324336525424,0.026382216351226055,0.004260091255659357
DSC00916.JPG,98.54361560940742,23.913327316986397,83.91776879767406,0.3645465210688167,0.9308083352135937,0.026228606970494884,0.0037063796228583522
DSC00934.JPG,102.4494813233614,24.287622132804245,83.85428111695683,0.363793433337091,0.9311172249171086,0.025838953754590294,0.002720255933327076
DSC00937.JPG,98.42949606664479,27.32456018216908,83.99787235880251,0.36390687036337566,0.9310835729212052,0.02529440077062352,0.003919595421920697
DSC00939.JPG,95.6227648742497,29.531760507728904,84.0275827748294,0.36407709132015653,0.9309913041480445,0.02620008619782559,0.004076599048729135
DSC00943.JPG,89.46162441559136,34.760265490273014,83.95522911760008,0.3643128447730347,0.9308854445136945,0.026530684981654215,0.004956115447063148
DSC00945.JPG,85.80884335748851,37.58711888035759,83.94144309575961,0.36414924148167316,0.9309327024952316,0.02710271359129829,0.005007621115359084
DSC00950.JPG,77.48417419940233,44.027206705883145,83.89979359155814,0.3644569842733883,0.9307992977538794,0.02727181833731897,0.006326281673206125
DSC00952.JPG,74.26178303360939,46.56310660741292,83.85551821140245,0.3640786269693575,0.9309305304881935,0.02785209675191204,0.006273874050475532
DSC00966.JPG,77.16198345273733,48.333032686961815,83.91402576831501,0.36575753117683457,0.9304327039154726,0.022186495726605103,0.004916429532023621
DSC00969.JPG,81.37790440395474,44.841037813574076,83.90086458258327,0.36585763129506105,0.930347853653932,0.023949184133008145,0.005244178110319751
DSC00971.JPG,84.041798312217,42.34345800522715,83.91671257234646,0.36600082280185375,0.9302438358267965,0.025695138781633316,0.005437228853618958
DSC00977.JPG,93.2475416380912,35.13615409261547,83.9102519174769,0.36564687016601277,0.9304067401839711,0.025084083356304406,0.0040562199409110485
DSC00983.JPG,101.97718938998878,28.069525687256828,83.86090370447278,0.36539811359983926,0.9304948760417321,0.025411199982761395,0.004216058964985229
DSC01000.JPG,105.83411712385714,28.61089985538274,83.84990690060692,0.36375329762507097,0.9311461804185692,0.025481530714747947,0.0010103223391719823
DSC01003.JPG,101.54939785413444,32.228760682977736,83.845604092038,0.36347148356693115,0.9312441536946696,0.02591209005642718,0.0011706545435431798
DSC01005.JPG,98.82760614156723,34.33604879491031,83.85488224055791,0.363400892242393,0.9312308929667189,0.027225775545299456,0.0027518444352454883
DSC01009.JPG,93.01154709979892,39.099220264703035,83.97749783888435,0.3633265546367575,0.9312810625350176,0.02642032829977663,0.0033709808607089373
DSC01011.JPG,89.05955855548382,41.638107286999,83.93756925483376,0.363659808123654,0.9311830570204973,0.02504887823786263,0.004712957930339618
DSC01020.JPG,76.25350166857243,51.844468457624316,83.95157777880127,0.36465873195562726,0.930758359332591,0.02587895778893892,0.006570029282753888
DSC01032.JPG,80.2325459830463,52.744612781796604,83.92182425840929,0.367252463339484,0.9298511229091572,0.021554872493464237,0.0061566928988473855
DSC01034.JPG,83.25984291918576,50.30507497070357,83.91765714578128,0.36708023174906207,0.9298924258078322,0.02260713390590487,0.0064107238936495165
DSC01036.JPG,86.61941145546734,47.52418028609827,83.90649005750242,0.36713523438200335,0.9298118951701636,0.024861174537647038,0.006594033359703879
DSC01038.JPG,89.35215244442225,45.42015705886297,83.8751652718895,0.36708632094169996,0.9298274022838334,0.025183196445604794,0.005868692901166207
DSC01043.JPG,96.66597502306104,39.762864992721006,83.9165457304423,0.36702809455948254,0.929869666137118,0.024643326549568335,0.0050485897685762955
DSC01049.JPG,105.9670691601932,32.057061333209276,83.89298139699167,0.36730395446849967,0.9297603696771815,0.024884986060530603,0.003767954129319567
DSC01070.JPG,104.88004290126264,36.390416524605826,83.90865935709189,0.3666381855689021,0.9300400339641361,0.024506059924545343,0.0011954638037858893
DSC01072.JPG,102.2398313228041,38.61347340722568,83.91870455792298,0.3665164885909862,0.9301009056670064,0.023995427006489913,0.001479307650273835
DSC01076.JPG,96.35133776441216,43.18813286116347,83.9267712796352,0.36669346049483553,0.9300378294640342,0.023723877444664556,0.0016490709932863424
DSC01078.JPG,92.80297067202628,45.729374672984704,83.87525738403644,0.3668042328841421,0.9299923226743981,0.023678851614771505,0.0028716704476669957
DSC01098.JPG,82.54479802772403,57.808991773752496,83.81750946090062,0.3685544896445928,0.9293824929675796,0.019865996141743784,0.00459479330077893
DSC01101.JPG,87.15305538102984,54.411215123021975,83.8684424596953,0.3683192486875849,0.9294404242846287,0.0215402790837909,0.004176736622565379
DSC01104.JPG,91.30486538261175,50.879185148049146,83.87973646366981,0.36809925193742293,0.9295164117465768,0.022010526387532054,0.004209245184321038
DSC01110.JPG,99.69059654697776,44.361343916272745,83.88136597625021,0.3680434802130827,0.9295267134576474,0.0224983567923919,0.004231971515649244
DSC01116.JPG,109.47399684600532,36.684022911358625,83.90115810546456,0.3676646414171885,0.9296493541876247,0.023704511386953037,0.003589686617029195
DSC01134.JPG,112.81981552019715,37.569964749738574,83.86244547168178,0.36548402943003494,0.9304929641885678,0.024500569531161604,0.001997478362068177
DSC01136.JPG,107.78122975677252,40.79334629466757,83.87335783115361,0.3655070798943897,0.9305240528805322,0.022911925260221143,0.0021459819977149536
DSC01138.JPG,104.04357711225748,43.81846917653456,83.85467553113938,0.3654980454626463,0.9304826097581306,0.024522060909192133,0.003458356466540449
DSC01141.JPG,99.43081417493522,48.40287352935411,83.89406901157975,0.3653870853125777,0.9304888711647821,0.025777186913919288,0.004274945622315634
DSC01143.JPG,95.88679210469127,51.19851081795059,83.88524116426822,0.36547962057441374,0.9305088189045471,0.02372717301945921,0.0038737767296860965
DSC01146.JPG,91.30839845724404,54.479489773046225,83.88723006377381,0.3655357860732847,0.9304444115618227,0.025139343945428622,0.004979907544625255
DSC01149.JPG,87.03301059268415,57.804793728049845,83.87841794208964,0.3653764433700524,0.9304638911372628,0.026598104398335994,0.0054353254152708285
