timestamp, p_x, p_y, p_z, q_x, q_y, q_z, q_w
DSC00711.JPG,63.05514189042151,33.60732735064812,83.94741052906465,-0.34029222274990345,-0.9401739378747929,-0.016470189519907877,0.0017036825156617824
DSC00713.JPG,66.17168032005429,31.10179062304087,83.91616503988814,-0.34024244348754334,-0.9401652677805619,-0.017891728784449463,0.0020578993741369634
DSC00715.JPG,69.936534460634,28.296351762488484,84.11640545687283,-0.340158152707114,-0.9401888856451699,-0.018137762786398955,0.0028830569334891407
DSC00717.JPG,72.75254516117275,25.87362780352123,84.08679666144292,-0.3399980069328685,-0.9402450030285957,-0.018071870883142493,0.0037546030704903454
DSC00719.JPG,75.81103597953916,23.36431635566987,83.84451054846511,-0.33983492781986074,-0.94028451229748,-0.019029394822932075,0.0038910024201032722
DSC00721.JPG,79.46043351478875,20.401322062825784,84.07277257787428,-0.3397975770746626,-0.9403052537761006,-0.018504617137364596,0.004606026471027944
DSC00723.JPG,83.77483839727938,17.195447490550578,84.0173315209779,-0.339766784231831,-0.9403129811468993,-0.018642609375373764,0.004741617347386007
DSC00725.JPG,86.74242636375129,14.83011974953115,83.92490202936767,-0.33956358626493766,-0.9403807025084334,-0.018552252362532377,0.006043108878454164
DSC00727.JPG,89.76639018207788,12.221183258341625,83.93994497074948,-0.3393154880545503,-0.9404539472190785,-0.019587625934079755,0.005262854417906779
DSC00733.JPG,93.88683916628361,12.44497524970211,83.71447245643253,-0.3385623141440488,-0.9407011309147664,-0.020628266308986322,0.0056050304362572296
DSC00735.JPG,89.96619727648795,15.834017901681364,83.99835728436824,-0.338201711084919,-0.9408364624962149,-0.020791455470383104,0.0037508447401589317
DSC00739.JPG,83.54066483303905,20.65490291081369,83.93177671787623,-0.33807363061547024,-0.9408883353663469,-0.020862768136362408,0.0003248995363332918
DSC00765.JPG,67.47933857887983,36.73560552089475,83.81007469420126,-0.34318505937355825,-0.939129546550864,-0.01602658764024386,0.0016906526980394892
DSC00768.JPG,71.17957838624716,34.09506463841535,83.73357066522021,-0.3434489055056882,-0.9390091536703963,-0.017246591943215404,0.0026858325515342774
DSC00771.JPG,75.41761291585863,31.164282294921577,83.88034618334211,-0.34355871658309906,-0.9389759264114594,-0.0167900478503064,0.003116435896846908
DSC00773.JPG,78.19530732743442,28.764625772135332,84.01220602774447,-0.3436430385700249,-0.9389465724668177,-0.016667826632157216,0.003313555573053992
DSC00775.JPG,81.00383359193802,26.206991147249937,83.96756488094502,-0.3435207979026648,-0.9389872943397468,-0.01682435680660596,0.0036419081376358278
DSC00778.JPG,87.17473302409053,21.384509716415778,84.01065992004794,-0.3438137271928182,-0.9388644278730713,-0.017473962915787417,0.004513057541254382
DSC00782.JPG,93.35597495734692,16.251902986317873,83.83109367246539,-0.34396274292530904,-0.9387917840142627,-0.01842655224388372,0.004481062264703892
DSC00801.JPG,93.3569224383682,19.950356617569923,83.80803544659545,-0.34327417734180876,-0.9390259281306281,-0.019621277747527643,0.002854983059626835
DSC00804.JPG,87.37397149391472,24.939499330474064,83.9388217232945,-0.3427430419833423,-0.9392012170918844,-0.020690335295288628,0.00043704747580609795
DSC00806.JPG,84.22270153462887,27.302852714434266,83.99423983075894,0.34257567902661246,0.9392780345062168,0.019966587305891112,0.00011586608501826583
DSC00812.JPG,74.8931231237948,34.64773907815106,83.71999533290375,0.3431525858702027,0.9390978602915565,0.018342195718111208,0.002252878747629159
DSC00815.JPG,70.86388563923538,38.10563595755957,83.83085814127094,0.34308573731306846,0.9391248015381817,0.01812211107396661,0.002893627212010326
DSC00817.JPG,68.0640367846936,40.27668927866034,83.88602865768792,0.3433585932734755,0.9390133585533356,0.01854332343714377,0.0038644585066549275
DSC00833.JPG,74.98029808327556,38.33695775945671,84.19583801207045,0.3443031839068658,0.9387397820981016,0.014929409934666888,0.0002275456126987293
DSC00836.JPG,79.48126614838839,34.73785134754144,84.04129462402909,-0.34442783652856873,-0.9386917716118076,-0.015073875211194238,4.023248708189662e-05
DSC00838.JPG,82.14367765374482,32.62535992730409,84.26793293564867,-0.3444316804539309,-0.938683331306401,-0.015485481894317622,0.0007879579297970422
DSC00844.JPG,91.16947605833411,25.3283999748528,83.73478231866864,-0.34424621113309645,-0.9387294457915111,-0.01676994219868409,0.0005854597531388942
DSC00848.JPG,96.72634880803525,20.739550373982638,83.90254039287856,-0.3443435418207457,-0.9386596781397458,-0.018546702092537014,0.0012464679796571785
DSC00866.JPG,96.66798818297684,24.556007734965533,83.87501652098604,-0.34338498649605886,-0.9390064262705119,-0.01836534378011734,0.004049273962232567
DSC00870.JPG,90.64273983240128,29.518528749002144,83.97223063794081,-0.34312600202055155,-0.9390952736020215,-0.018799786947008842,0.003343926805951616
DSC00872.JPG,87.68760038726032,31.842721410328522,83.9321255921626,-0.34316313836970086,-0.9390819976815026,-0.018913707714456576,0.0025166953069920388
DSC00878.JPG,79.01155251078308,38.78622396965511,83.95517752228102,-0.3432896455245225,-0.9390613738687513,-0.017413457395889186,0.003567475984900484
DSC00881.JPG,74.677052276209,42.207884879782796,83.91228336605764,-0.3433804966554932,-0.9390261966325567,-0.017716965654312494,0.002397015316089963
DSC00883.JPG,70.9181980676949,44.99796500382945,84.07262066370015,-0.34330837228953087,-0.9390268705824334,-0.019114221746128434,0.0015951072424333637
DSC00903.JPG,83.69010023213923,38.50989104737528,84.05870894137843,-0.3442253859598602,-0.9387378070729632,-0.016205470520046245,0.004194753610596331
DSC00905.JPG,86.70285499840975,36.05592519999482,83.7985187666103,-0.34368761859738434,-0.9389175772251176,-0.017132839859008268,0.004366898091332088
DSC00914.JPG,73.808903535828,46.745972676202655,83.78652707594745,0.39065886232533614,0.920397808594761,0.013721261657780925,0.00807800712767739
DSC00917.JPG,78.64979281648993,42.492496700258926,83.60825825439576,0.36672979293285835,0.9302032959715826,0.0141643808909995,0.0055188271400402585
DSC00927.JPG,94.00696484744549,30.18482554075308,83.98792683695524,-0.35588087173619887,-0.9343920250822245,-0.01608948887981622,0.0012152952761118009
DSC00931.JPG,100.15212679281831,25.429743292741477,83.9107208814454,-0.3560590042907744,-0.9342981240801401,-0.017283515287452613,0.0032063847401163225
DSC00950.JPG,100.06494970060885,28.89281308138743,83.91201733201024,-0.3554897120005106,-0.9345199370816811,-0.017022239800966017,0.0031297301486477402
DSC00952.JPG,97.1978778988123,31.276794134639204,84.04079855242821,-0.3553117283918118,-0.934586058244308,-0.017197836998527016,0.002590329160959221
DSC00954.JPG,94.18041026219726,33.8091488329228,84.09258935365517,-0.3551074166439038,-0.934669772094722,-0.01690660312161611,0.00230359453492173
DSC00956.JPG,91.13669552467763,36.51069557550363,84.27181183148355,-0.35508979654714196,-0.9346750690348317,-0.016930195706023193,0.002668367702932513
DSC00959.JPG,87.03204642049968,39.62850448372774,84.17194305499788,-0.3550858213246275,-0.9346909378834616,-0.016039768849228593,0.0031041823421179213
DSC00961.JPG,83.02850825712085,42.764959048014134,84.12600342030066,-0.35507269737833475,-0.9346905873281954,-0.016343462882296007,0.0031267807025367905
DSC00965.JPG,77.85827266611159,46.8625907714013,83.931854100225,-0.3551206843746665,-0.9346701209829748,-0.016588081602677836,0.00242899561199067
DSC00981.JPG,77.47821880318224,50.65420002839528,83.90274283020483,-0.35526308906325077,-0.9346401253960097,-0.014865736487823905,0.0038708432727635154
DSC00984.JPG,81.63470629230142,46.874989420874044,83.86651525921786,-0.35541213871646965,-0.9345659128228812,-0.015836802830927473,0.004238150376513733
DSC00999.JPG,103.32738224603236,29.75632649147883,84.02974089885015,-0.35583619629867946,-0.934374261575662,-0.017051060194353873,0.005882351134801491
DSC01018.JPG,103.30785572901368,33.32022730074823,83.66639545204475,-0.3573953282739758,-0.9337876492099175,-0.01690091384662517,0.0048543405424778825
DSC01020.JPG,100.32624640502036,35.799777744337916,83.86987509290486,-0.35750531492878057,-0.9337452158076015,-0.01712391127332732,0.004073501785053293
DSC01022.JPG,97.49263248965144,38.178885023342445,83.98888383742201,-0.35765229195812165,-0.9336859502578962,-0.01724769395612932,0.004231004763364095
DSC01025.JPG,92.96051649004221,41.68111054133624,83.82778224568187,-0.35779712709906747,-0.9336453081674988,-0.016437550166187705,0.00417867455107113
DSC01027.JPG,90.16715584509075,43.88834998104721,83.85374542054262,-0.35795391531002346,-0.9335850502824014,-0.016605822415999595,0.0034921433703414004
DSC01029.JPG,87.39211720228195,46.16965249250643,83.94366188933623,-0.35800866183225105,-0.933580728575638,-0.015775954325773504,0.002817898219035768
DSC01031.JPG,84.57269056141376,48.590021608164534,84.0432483690056,-0.3580014797947159,-0.9335827925186255,-0.015827715449542725,0.0027556127388828266
DSC01033.JPG,80.86014963127673,51.51113344496116,84.00691093670036,-0.3579891842937426,-0.933588787553269,-0.01582243436685438,0.002317380897614485
DSC01049.JPG,80.67189574427903,55.22440005023964,84.01303397615482,-0.3587931807085831,-0.9333270808213733,-0.012960838063980176,0.0001742387759007376
DSC01052.JPG,84.63314871676266,51.998260660329834,83.81055693273788,-0.35898073422391186,-0.933237150950995,-0.014175748517654328,0.0005483565398160065
DSC01060.JPG,96.58103935979307,42.6837056085933,83.79205258473723,-0.35896945303360067,-0.9332482221680928,-0.013711726860967359,0.000822286654454317
DSC01067.JPG,107.1557618174702,33.88979168445803,83.76160295243392,-0.35900341098283967,-0.9332059864191453,-0.015339204228445305,0.0028011832845828066
DSC01086.JPG,107.09124908223748,37.528261055704206,83.94624934237606,-0.3577300749337887,-0.9336534494457424,-0.017367945018021427,0.004334087191448632
DSC01088.JPG,103.56043238379061,40.305507236626,83.87205646171947,-0.3578778960215882,-0.9335960544339765,-0.017408581273750428,0.0043312795463025505
DSC01090.JPG,100.8163326587528,42.564365507569164,83.78130586848783,-0.35786732726044684,-0.9336135281893967,-0.016821333356122986,0.003714674323903222
DSC01094.JPG,95.56371611170471,46.76360051170923,83.83159997551093,-0.3577770087601491,-0.9336556868776926,-0.016438261420485357,0.003529011909338293
DSC01096.JPG,92.21842309087515,49.310506757348776,83.69244932854554,-0.35793278009737234,-0.9336133702962577,-0.015503671153447885,0.0031362264896670107
DSC01098.JPG,89.40322676859796,51.936693985247985,83.72365828330578,-0.3579358016695728,-0.9336008614244631,-0.016289008277518162,0.002462039803722746
DSC01101.JPG,84.45414249040186,55.986285225255415,83.85834606722324,-0.35793939271131775,-0.933617286176974,-0.015217121669363537,0.0025677431909909634
DSC01116.JPG,83.515008084476,59.94086020370014,83.82014487466654,-0.358865871987802,-0.933311165068955,-0.011984887972388166,0.0013847528134347754
DSC01119.JPG,88.15927095524967,56.102582671679556,84.04799077917062,-0.35862715189585775,-0.933396013183258,-0.012559199476725697,0.0008455797824812888
DSC01124.JPG,95.86519842781126,50.29062578920275,84.03931473890805,-0.35854005014291424,-0.9334212142739362,-0.013106036876282114,0.0014494772451627833
DSC01126.JPG,98.78153633885086,47.737295964499936,83.95266359045172,-0.358391825238659,-0.93346914504112,-0.013704455595489792,0.0016860471919735189
DSC01134.JPG,111.15165480971336,38.111519204918295,83.77392535644344,-0.3578247474538831,-0.9336654148080873,-0.014724481388870652,0.0036787156231617934
