timestamp, p_x, p_y, p_z, q_x, q_y, q_z, q_w
DSC00674.JPG,89.06438342481852,12.505326982354745,83.87200921435237,-0.3178079930723408,-0.9477790368931763,-0.025817607341327382,0.0068138033683760035
DSC00676.JPG,85.05461893416941,15.482936898479238,83.90760310121152,-0.31672974033456025,-0.9480883751878353,-0.027530407393073462,0.007265059536143528
DSC00678.JPG,81.16486731730402,18.575917189009488,83.8719764050121,-0.3167964652043543,-0.9481026601562054,-0.026372531892700616,0.006770155118019705
DSC00705.JPG,63.865400755777955,35.781738474499434,83.86541962661977,-0.3210557081905715,-0.9467770677288144,-0.023002829210748834,0.002699279418551696
DSC00708.JPG,67.66719824448228,32.63361739227548,83.79938021389,-0.3208838975167671,-0.9468316041969635,-0.023083365964717554,0.0032551227307052407
DSC00710.JPG,70.367715600878,30.48809499340132,83.76099522856362,-0.3212358088221348,-0.9467069413136304,-0.02327073077567589,0.003463450323833216
DSC00712.JPG,72.99611685983837,28.368982994230464,83.78789464858028,-0.32120594998368207,-0.9467289807454053,-0.022692759665798486,0.0040016709755949596
DSC00714.JPG,77.04893312044442,25.43843256845139,83.72408033580314,-0.3216408594249735,-0.9465643208720713,-0.023369374375622635,0.0041250868658483
DSC00717.JPG,81.13026283308864,22.163942518876866,83.7841019362919,-0.3215543938274584,-0.9465886997095054,-0.023538693184421044,0.004305266042081544
DSC00730.JPG,93.59452600777149,15.749232756439596,83.91465904401502,-0.32193531240108963,-0.94640758754645,-0.02535574730701454,0.0052363099816265255
DSC00732.JPG,89.7185594085604,18.655691751744598,83.91596309175861,-0.3220634032503467,-0.9463991536769516,-0.02405926356388783,0.004995802549899928
DSC00734.JPG,86.00530885718763,21.514896117616445,83.92696736647781,-0.32225964871870016,-0.9463323003221291,-0.024115457257301465,0.004726615702406519
DSC00738.JPG,80.59458089247346,26.044682036852464,83.90251117589014,-0.32275382666530417,-0.9461850283716253,-0.02336818741304319,0.0042174963328985605
DSC00747.JPG,67.12682207673788,36.73588942643255,83.87198505977346,-0.32342333473955337,-0.9459755466401832,-0.02272147455600402,0.003368426747744082
DSC00764.JPG,71.17038850672543,37.197661665733904,83.79770666718923,-0.3255956826405755,-0.9452706481918326,-0.02094225704970453,0.0035035671072196463
DSC00766.JPG,73.97226304002106,34.88982235500589,83.83793792322808,-0.3256565034658117,-0.9452644060825505,-0.02012498493474625,0.004246095288791764
DSC00768.JPG,77.30484119988978,32.147791551891714,83.91879007386581,-0.32584025990815685,-0.9451919840882684,-0.020502469851089413,0.004459480717846326
DSC00770.JPG,79.97533447481692,30.08167235390283,83.94391962595296,-0.3258461727100422,-0.9451929017010525,-0.020345243359361897,0.0045520739021274546
DSC00773.JPG,84.52312742546201,26.428038727957755,83.86020257108726,-0.325908199272954,-0.9451717880547603,-0.020234066156518512,0.004971848630142259
DSC00795.JPG,97.11311181634665,19.639860215131193,83.85412370178824,-0.32468752312015886,-0.9455213509813825,-0.023057994971060414,0.005976289513733434
DSC00797.JPG,94.3506491240114,21.697922585066408,83.86509838718018,-0.32492537346301614,-0.9454459163570524,-0.022933026385345553,0.005440333124199121
DSC00799.JPG,91.81220919638872,23.995166067499667,83.84890538304205,-0.32505648118691655,-0.9454035767778634,-0.022918000989923547,0.005012612555182959
DSC00801.JPG,88.55001674965024,26.677369008073583,83.87570266677324,-0.32506252075455616,-0.9453995714776107,-0.023095633675676113,0.004538673348417148
DSC00804.JPG,84.16681059449911,30.10547313373536,83.88441563054107,-0.3252680278261196,-0.9453382012172065,-0.022755638767570797,0.004310022946905305
DSC00814.JPG,69.80433285981417,41.82517697289586,83.87025353678541,-0.3257133124971878,-0.9452030463614367,-0.022115387555169362,0.003598450285047413
DSC00831.JPG,73.1335670221597,42.53701316425577,83.92277122665075,-0.3276610036967784,-0.9445721053784136,-0.020441952825679715,0.0019826653987132965
DSC00833.JPG,75.76858006045222,40.399925637058914,83.90629154965052,-0.327641934742171,-0.9445730185870927,-0.020672028823745314,0.002289624420137355
DSC00835.JPG,79.20196367055178,37.75633464381099,83.84133593438628,-0.32764389805052185,-0.944569995327343,-0.020742620861068387,0.002596859136853057
DSC00838.JPG,83.41850485652685,34.4038778829854,83.84038470220912,-0.32755438834623246,-0.9445935443835225,-0.020973327411030945,0.0033582914420289506
DSC00841.JPG,87.64940744452178,31.053264030022547,83.77364204145181,-0.32732049941361147,-0.9446739744309817,-0.020999931366860725,0.0033727702240290425
DSC00844.JPG,92.12524795904756,27.57189752953127,83.7841803527349,-0.3273441188056164,-0.9446682092152466,-0.02083826483944763,0.0036836259193945894
DSC00863.JPG,100.438033208251,24.339241589652374,83.8147162718019,-0.32581003912825446,-0.9451423839147626,-0.022981373813126513,0.005054600758318804
DSC00866.JPG,96.35393991880119,27.457618274260312,83.83916157233739,-0.32563670996533833,-0.9452058374670492,-0.022871334872649134,0.004853862617227794
DSC00869.JPG,91.81854132376611,31.093116395408288,83.93085423286982,-0.32559949981541025,-0.9452077958310513,-0.02326457631774795,0.005093909001513482
DSC00872.JPG,87.62817619368434,34.47328483569436,83.93149464158785,-0.3254091034530589,-0.9452764834731617,-0.02319692284625815,0.004815387103287042
DSC00876.JPG,82.36327462643385,39.032948818290606,83.86281053616574,-0.32525664870549154,-0.945316291958905,-0.02381708404987997,0.004238766011482258
DSC00878.JPG,79.02838940173388,41.662263815058395,83.87403226143442,-0.32522890873105187,-0.9453374385792068,-0.023314259577238747,0.004441784154946826
DSC00882.JPG,72.72113801538944,46.46923014475033,83.78815045885949,-0.32529977604786997,-0.9453408573020937,-0.022323990508519766,0.0035154894856603705
DSC00898.JPG,76.32066692970693,47.16591885802336,83.84703901377213,-0.32669964709124394,-0.9449109725791807,-0.020127946155294108,0.002336722810466229
DSC00905.JPG,86.54961274191737,38.9641458124388,83.87671990353533,-0.32682362722651775,-0.944850130910733,-0.02078977067172454,0.0035117289033801138
DSC00908.JPG,91.57355388440192,34.99904708471149,83.92562802072666,-0.3269270422373434,-0.9448208190150846,-0.020399957279811625,0.004021287429214488
DSC00911.JPG,95.97509917989373,31.550276688765734,83.92279538987691,-0.32716941047636056,-0.944718089902884,-0.02124260677964535,0.004081558036160873
DSC00914.JPG,100.17109858058393,28.10555789852515,83.86634528230218,-0.32730102732340133,-0.9446731589122395,-0.021108446272234904,0.004592803042592477
DSC00930.JPG,104.51615920104086,28.522370122373104,83.9757185165588,-0.3272397059955091,-0.9446681913603595,-0.022289353600977835,0.0044008826354597535
DSC00933.JPG,100.4423586782068,31.528467897558585,84.05322598005182,-0.3270310423703534,-0.944739726974054,-0.022367550346129538,0.004151902535387615
DSC00936.JPG,95.20613915100694,35.57327144732699,83.97861481460495,-0.3267724466596732,-0.9448221126643066,-0.022823383925444925,0.003168070516729922
DSC00939.JPG,90.76696017384529,39.17097507440485,83.9784089634411,-0.32665605498895434,-0.9448540655076665,-0.023168865010837116,0.0031337400652102676
DSC00942.JPG,86.2158210016787,42.83013477479108,83.93054101052076,-0.3266946505604041,-0.9448340119742907,-0.02349834141730807,0.0026689065958229586
DSC00945.JPG,81.55887435935438,46.79280240833759,83.88405265146127,-0.3265773577474407,-0.9448922448752439,-0.02281858301651878,0.002277553608704187
DSC00949.JPG,76.28542161732912,50.92244353843853,83.84254948180308,-0.3264609327426263,-0.9449547347301951,-0.021903375057827062,0.002012676048645762
DSC00965.JPG,80.31611483544111,51.21480054710992,83.89476043602997,-0.3273433675234529,-0.944671754139356,-0.020665920127748205,0.003810041331934242
DSC00969.JPG,85.8136491663754,46.8273311171215,83.88848264370893,-0.32746011776636713,-0.944621067012435,-0.020953586497121764,0.004675279845550333
DSC00972.JPG,90.62260437943041,42.902039230801165,83.85324863185303,-0.32743438168882216,-0.9446405025586158,-0.0203440230583703,0.005212229816983971
DSC00975.JPG,95.08928969688714,39.27087019383907,83.8819169519686,-0.32740123069915017,-0.9446464775968839,-0.020517457316136405,0.00552272086590995
DSC00978.JPG,99.50817727670074,35.76646282384172,83.87735196342203,-0.32748424488910677,-0.9446191926082489,-0.020328018595797102,0.005951635533239097
DSC00981.JPG,104.16706799343228,31.972534409491345,83.90342750398588,-0.32752714404029803,-0.9445874962260685,-0.021067425827736484,0.006049418084840639
DSC00997.JPG,107.80731201916933,32.609940611058846,83.87367902537233,-0.32612046909110204,-0.9450562938517135,-0.021926469322233667,0.005768104898912898
DSC01000.JPG,103.88602960668504,35.90284652262926,83.92612195413653,-0.3259988158388708,-0.945119362628321,-0.021246966954820548,0.004767478569565502
DSC01002.JPG,100.27588291093707,39.33450650679879,83.89468046727586,-0.3257733275426064,-0.9451692488033095,-0.022585987718451293,0.004086971640105341
DSC01006.JPG,94.57490171305835,43.51086171600036,83.89076169162956,-0.3255410658099021,-0.9452741674151347,-0.021667074940769256,0.0032094785382789214
DSC01009.JPG,90.12070775777102,47.059685041895136,83.94980238039284,-0.32521399469483475,-0.9453738235447877,-0.022236736846791456,0.003117522308356257
DSC01012.JPG,85.59924805909395,50.67358271544799,83.95841143766302,-0.3251647858566362,-0.9453931384652072,-0.02221369958721953,0.002495462354410313
DSC01016.JPG,79.67909326590598,55.527040323242545,83.87602449665349,-0.32493661949062863,-0.9454837483018593,-0.021797679824622152,0.0012394213700127666
DSC01033.JPG,83.39072529412806,55.818545542657375,83.8155078145029,-0.32586263955422606,-0.9452246612906178,-0.018943176792413027,0.0022440774943543367
DSC01037.JPG,89.865896621719,50.52973789535463,83.77615694247868,-0.3259100435300824,-0.9452131283026014,-0.01859309043101426,0.0030137350336759006
DSC01040.JPG,93.96372229792178,47.288838781416416,83.80138459106809,-0.3259138573214006,-0.9452088225528662,-0.018668001146251383,0.0034561694567089587
DSC01044.JPG,99.65250404365361,42.76965634804219,83.8246320765445,-0.32588996795500136,-0.9452058938815601,-0.0191766726335651,0.0037151291437182176
DSC01047.JPG,104.03695887699723,39.26737206871621,83.84453603755333,-0.32569227666843104,-0.9452740150858367,-0.0191208816445729,0.003996149042431509
DSC01049.JPG,107.50941600464284,36.45433785766363,83.8217949465004,-0.3257716408443012,-0.9452367384719835,-0.01949943616255508,0.004485337646190853
DSC01065.JPG,111.50810890085995,36.79324851487763,83.82079858193038,-0.32457931783209576,-0.9455930250589233,-0.02169617274292856,0.005601203788029981
DSC01070.JPG,104.48407519422472,42.6304616688285,83.8843162454499,-0.32460653326093697,-0.9455774282640353,-0.022264148791306518,0.004270058604761425
DSC01073.JPG,99.80199967883527,46.389337175292894,83.92487763867507,-0.32449423640982666,-0.9456210811716224,-0.022079017955164253,0.004096138028872528
DSC01077.JPG,93.65708590857685,51.18549053161405,83.9194162209576,-0.32442882415156266,-0.9456624984498403,-0.02134058835767751,0.0035994963242219078
DSC01080.JPG,88.51896636374295,55.340198763180524,83.90346414567,-0.3241395890086333,-0.9457531121360365,-0.02176824013488606,0.0032743615783318953
DSC01084.JPG,82.2988917324692,60.2602638672106,83.86428053286875,-0.32409260004846885,-0.9457739689280663,-0.02153038295040496,0.0034682707340277404
