timestamp, p_x, p_y, p_z, q_x, q_y, q_z, q_w
DSC00673.JPG,87.28181034885347,14.12524722632952,83.83210183285019,-0.30093947817580224,-0.9531277806562276,-0.030993065726756076,0.004721662150877967
DSC00676.JPG,82.6790684685111,17.94487697724253,83.95736411087648,-0.30001835229697,-0.9533426913067765,-0.03342396210351628,0.0030886848765499437
DSC00678.JPG,79.33013135194778,20.55853664991446,83.91827330299452,-0.30005759421500083,-0.9533750928256314,-0.03206754749415528,0.003611776755978894
DSC00680.JPG,76.33220641128719,23.181031439453363,83.89765765169932,-0.2998881945331896,-0.9534573692185432,-0.031090198961055568,0.004417622781630896
DSC00682.JPG,73.20459116436541,25.6931593734771,83.87300875816118,-0.2997397922100632,-0.9534599947184343,-0.032538368789405796,0.0033689752026512753
DSC00685.JPG,68.66453789360821,29.009785671485588,83.88533046156999,-0.29966960115674784,-0.9534567629860004,-0.033341286815749806,0.002586474875816497
DSC00688.JPG,64.31898771598935,32.68052487052046,83.87674378341899,-0.2991872695460602,-0.953678106533169,-0.03131441334902647,0.002110539620407708
DSC00709.JPG,68.04543599113822,33.2386189927347,83.93130321286401,-0.3003656967070716,-0.9534569446243815,-0.026461476933115107,0.0003053321684291153
DSC00712.JPG,72.28282669372857,29.707491798093542,83.90080932042531,-0.30077216505068693,-0.953316288670255,-0.026902751848702843,0.0006327951175338208
DSC00722.JPG,86.46964351832867,18.533578825881705,83.8773340760066,-0.30188895938876964,-0.952938109462546,-0.027636143132354296,0.002873904292570725
DSC00726.JPG,90.56597592122853,15.26400509965606,83.81845434687705,-0.3021939167536585,-0.9528076704913794,-0.028717832448952197,0.003415527676342541
DSC00728.JPG,94.52468630857766,15.54835157818161,84.0473804103109,-0.3022612739419553,-0.9527092585553003,-0.030764400869539063,0.006061565567943072
DSC00731.JPG,90.64680206775665,19.18521251063794,83.8583059857109,-0.30166251444823117,-0.952970789138267,-0.028426968996980904,0.006189495908724589
DSC00734.JPG,85.19670253060758,23.06991862365976,83.76830121592616,-0.30189382929154435,-0.9528068911616938,-0.03149473088019261,0.005217846036497376
DSC00736.JPG,82.19434391520917,25.537839967524633,83.85417362970497,-0.3019917147183847,-0.9528018264865559,-0.03066290204503048,0.005428639194984109
DSC00738.JPG,78.60994324460626,28.271667875815183,83.82397011075591,-0.30213662399783153,-0.9527355210065358,-0.03158173769875691,0.0033288579910183713
DSC00743.JPG,71.42773698270321,33.94539675489068,83.87359365561929,-0.3024736966161605,-0.9526189232163552,-0.03203986923476274,0.0005447613105226199
DSC00746.JPG,66.93869022838771,37.73550715926103,83.90053053898475,0.3022191330892973,0.9527732949388926,0.029757757476498684,0.0010582608418029363
DSC00766.JPG,71.25919564068317,37.85698678670451,83.89021326485192,0.30227571487020655,0.9528721753054171,0.025622648072540954,0.002736719601797059
DSC00768.JPG,75.88482239469886,34.06119507458061,83.95507327211237,0.30203021872698804,0.9529164407604594,0.026949521976706584,0.0013142181601900357
DSC00771.JPG,82.26401646062732,29.109929353464395,83.96078736945049,-0.30225108400553813,-0.9528205816001191,-0.027863648564109448,0.0009157430775378388
DSC00776.JPG,89.22998107597232,23.522542369551957,83.91916878689801,-0.30225910939963624,-0.9528189410683003,-0.027671167237602795,0.0031309471618742126
DSC00791.JPG,97.96629977226257,20.361863557249308,83.80413754540871,-0.3021899375051508,-0.9528204455914735,-0.027219726708481037,0.008574765968506853
DSC00793.JPG,94.06072112172842,23.297881442820653,83.79547622832274,-0.30248985205505546,-0.9527593989900655,-0.026378249217644322,0.007321544100234088
DSC00797.JPG,89.02395743876696,27.39273339160718,83.90918572174007,-0.30284195257947666,-0.9526501446924485,-0.026535052086470973,0.00635173882299439
DSC00799.JPG,86.39511474594474,29.592614263528958,83.91734030491682,-0.3026328519156757,-0.9527342237099272,-0.02588377089594317,0.00639424095837095
DSC00802.JPG,81.02807738631964,33.50481059215963,83.87108266425673,-0.302508407603236,-0.9527755779294604,-0.026213171177837814,0.004497898102217261
DSC00806.JPG,75.25617221184075,37.90340569638647,83.92892503579242,-0.30274512779300317,-0.9526672389728134,-0.027697189788913883,0.0018398541548345355
DSC00809.JPG,70.75617554225028,41.73185111582279,83.90253583065305,-0.3026864573777412,-0.9527027911834575,-0.02711789751100264,0.001708749819253943
DSC00830.JPG,74.57321899943054,42.42557492805645,83.95650320908362,-0.3037603932130614,-0.9524797180120157,-0.022268545665276814,0.004015241555719979
DSC00833.JPG,78.81189345568419,38.91173987998627,83.85163682240795,-0.30387799388711534,-0.952387374588579,-0.024487611628087172,0.004100052702994948
DSC00837.JPG,85.17075272835791,33.76991738961078,84.00891727101987,-0.304158715808976,-0.9522741318431109,-0.025521887323454187,0.0031759545545181635
DSC00843.JPG,93.69589861668646,27.076962283346802,83.87016909553529,-0.304752873709906,-0.9520874627862894,-0.02507566355326201,0.005134225168730874
DSC00858.JPG,101.45970626734197,24.684562208130956,83.82829110556088,-0.30492581396999674,-0.9520465351577455,-0.024362146927103225,0.005841974492286692
DSC00860.JPG,97.2274706158787,27.617680543800816,83.8173128898245,-0.30509216346814994,-0.9519932608711957,-0.024629622486033724,0.004580910646004849
DSC00862.JPG,93.36699134856462,30.609230099478737,83.90370349394811,-0.30498643357449223,-0.9520192452731897,-0.02519170337539551,0.0028302024704161418
DSC00864.JPG,90.33874245546758,33.028982784366235,83.9463240424152,-0.3048361925018392,-0.9520569947990501,-0.025661174356188136,0.0019693973301245084
DSC00868.JPG,84.91348242387176,37.82217808859423,83.92848413056117,-0.30494639402075596,-0.9520575893644936,-0.02435555981004273,0.0009219617919463541
DSC00873.JPG,77.82592817023396,43.33042882941663,83.99952743684241,-0.3053753809462613,-0.9518978178389286,-0.025227108457746485,0.00011876141292827225
DSC00876.JPG,73.4189636502415,46.92819538805634,83.9363955913276,0.305082710439426,0.9519872127029153,0.025393365243389147,0.00025227501569408106
DSC00895.JPG,76.83433338813484,47.76233932003379,84.02060355218191,-0.30564558472512826,-0.9519302289335354,-0.020232588647200647,0.0005080720554927547
DSC00898.JPG,81.37410801276565,43.9377974877134,83.97031524401791,-0.30536960888872927,-0.9519728117223801,-0.02228016227352441,0.0008729705583668126
DSC00900.JPG,84.23245379142463,41.88434973009862,83.9077475922254,-0.3054851580496211,-0.9519401545837322,-0.022086097643790763,0.0009821371422074573
DSC00903.JPG,88.75064676254988,38.19812761596404,83.96457689993656,-0.3052715488462439,-0.9520083454851929,-0.021974302541931525,0.0025537461418623617
DSC00906.JPG,93.57584582455456,34.421083150664344,83.96888465990503,-0.3051319493234702,-0.952028479227222,-0.022888103232960484,0.0035217854504875873
DSC00911.JPG,100.74720779061317,28.61787682562135,83.88995304262335,-0.3051799818457829,-0.951985081787465,-0.02391860386531565,0.004181282561032244
DSC00924.JPG,104.7216727938503,29.281391649041325,83.80277097993235,-0.3045197818792707,-0.9522305817044995,-0.02257291584304718,0.0038839646309882436
DSC00927.JPG,99.95523462444544,32.69140541483648,83.87656751974419,-0.3048997703232058,-0.9521254867699983,-0.022087880860486412,0.0023049986861785918
DSC00932.JPG,92.6179154291749,38.47642947221175,83.88618729711163,0.30444757951293383,0.9522035845623111,0.02487882838186028,0.0010240965516370765
DSC00935.JPG,88.47062360495329,42.044359089108184,83.91445729368104,0.3045401775286055,0.9522120556066658,0.023228093912367284,0.0028172826220193656
DSC00940.JPG,80.89063205011189,48.053961128229275,83.93422168710606,0.3039568883156825,0.9524034878839286,0.022506452221314536,0.005591593724883683
DSC00943.JPG,76.58238514512777,51.408053626073524,83.89681774151836,0.30370400243637863,0.952480191666794,0.022406734309025227,0.006580398476941588
DSC00962.JPG,80.39034281112254,51.901931416708976,84.00433468243239,0.3043273870349718,0.9523715612560864,0.019307881883359836,0.0006756539710785632
DSC00965.JPG,84.78761138394475,48.41282178671099,83.97634348499867,0.30443624473456854,0.9523011666287939,0.021001317984820803,7.464751903484733e-05
DSC00967.JPG,87.5671667996794,46.34888860140927,83.96349914970574,-0.30436668344038753,-0.9523040983225248,-0.02184563759483139,0.0007710043428364546
DSC00970.JPG,92.07915369234979,42.70344841154292,83.89405469384997,-0.30488056584375345,-0.9521048280279907,-0.023247566143250138,0.0019461975742435652
DSC00973.JPG,96.26627808064222,39.140554728219286,83.88030569696468,-0.30478672034064797,-0.9521556039342011,-0.02235029743453132,0.002285870791778403
DSC00975.JPG,99.80222290940583,36.53581950906664,83.93131966687304,-0.3050974465313856,-0.9520533317237301,-0.022448087632663902,0.002466786453905919
DSC00978.JPG,103.609992492944,33.31240174546838,83.91535257490159,-0.3053998771456028,-0.951924288914521,-0.023778757003457184,0.0023735899824255426
DSC00992.JPG,108.11741133593023,33.69443213939667,83.80907335428697,-0.30517552151852734,-0.9520263212814901,-0.02245912217199097,0.0030614513537211025
DSC00995.JPG,103.0529157705605,37.602989952778444,83.91439985298655,-0.30538042488318706,-0.9519763159763858,-0.021993643292071235,0.00041179234301379973
DSC00998.JPG,99.38020790554583,40.49681907542981,83.95008665135435,-0.3052828155043564,-0.9520024480243525,-0.02222022640665378,5.524317855203346e-05
DSC01000.JPG,96.4587103780359,42.70207942603156,83.92930085858688,0.3051530972883897,0.9520182805324927,0.02326775679015755,0.0011799327155745207
DSC01003.JPG,91.79054858908057,46.530073964037,83.971627428656,0.3051221993972743,0.9520483524614479,0.022398696056015178,0.0016359784238730321
DSC01008.JPG,84.17802470549941,52.29814230278134,83.93350775451404,0.3052922277808203,0.9519379385047885,0.024427353053222266,0.0037578337762340665
DSC01011.JPG,79.53952245041728,56.00861424347386,83.86894946852362,0.305219346558369,0.951931008933671,0.02533249036000018,0.005173939424238467
DSC01030.JPG,83.24313531816006,56.79046584200114,83.94663759310413,0.30650802939974264,0.9516696033829471,0.01943298322557444,0.00039124593930548504
DSC01033.JPG,87.94319244287908,53.11457498604432,83.92215009905703,0.30634571096831587,0.9516704157827162,0.021808505475583287,0.0003379115128648924
DSC01035.JPG,91.17087256349623,50.52824843954295,83.95690136709197,-0.3064757434197782,-0.9516450176698801,-0.021073834457192738,0.0005220542681073285
DSC01045.JPG,106.32360429689288,38.401323198806494,83.9451789973283,-0.30692193684782976,-0.9514268981304335,-0.024118669487994307,0.0020179141723495214
DSC01060.JPG,111.70924124866724,37.9412580775097,83.9114237200049,-0.30621743472567,-0.9516457886443961,-0.02395377178989365,0.0052337789840104405
DSC01063.JPG,106.37535352259874,42.06572825834155,83.9682534880501,-0.3063190849657017,-0.9516517761756764,-0.022690424555819308,0.0035580501586901943
DSC01065.JPG,103.62650400772691,44.394317504251376,83.98860282036878,-0.30668269865585307,-0.951548411549722,-0.02218857551373243,0.0030016560489596568
DSC01067.JPG,100.88001035898924,46.450508705107495,84.00446379064704,-0.30643966811213896,-0.9516063299630062,-0.023156142170602915,0.001978803030917558
DSC01069.JPG,97.84149909950793,48.900410811649635,83.96440864650253,-0.3062481900361974,-0.9517183701238778,-0.020988510062487947,0.0019163803534916414
DSC01076.JPG,87.69672143831849,56.679602636024356,83.89433928310075,0.30608066928461025,0.951692499668963,0.02435341714969099,0.0017091042270315528
DSC01079.JPG,83.19216221757233,60.41723471134901,83.94242358752217,0.3058575748544156,0.9517616508212972,0.024391026524062522,0.0024457627025837266
