timestamp, p_x, p_y, p_z, q_x, q_y, q_z, q_w
DSC00709.JPG,63.58682291023433,33.15236760326661,83.73102951608553,0.40037822862013744,0.9158587125251727,0.02980284125507476,0.0034472295918224387
DSC00711.JPG,67.19244663789868,30.13649071357213,83.76185854428604,0.4004361417597984,0.9157523355784343,0.032218446316640004,0.0032446836688898293
DSC00713.JPG,70.28707628697157,27.64753775158897,83.79469432932217,0.4007103174918473,0.9156317297010454,0.032314924368949,0.0023500389960588453
DSC00715.JPG,73.1379977427423,25.223156717140228,83.80268113471368,0.40097524282382324,0.9154857533859007,0.033189249131917814,0.0017786882487437778
DSC00717.JPG,76.11376357264817,22.843611873919144,83.79437090072304,0.40111917663660535,0.9154321362475429,0.032958158916833256,0.0010815823800401703
DSC00719.JPG,79.24630520679057,20.26951416931115,83.80130693514172,0.4013225497776986,0.9152968557404323,0.0342175381887087,0.001018327996819903
DSC00721.JPG,82.13395269401371,18.07899738289416,83.78873310022072,0.40149350193454275,0.9152467325098378,0.033560662385190475,0.00026167665223168963
DSC00723.JPG,85.19049124419689,15.680858973879367,83.78380475023425,0.4014637264761375,0.91524708704645,0.0339062353774595,0.00011480160824586325
DSC00726.JPG,88.68533004261553,12.93931578239426,83.78095389457019,-0.4014917037598089,-0.915215681993642,-0.03440105279294614,0.0011112208135725093
DSC00729.JPG,91.8157213833183,10.459573346422985,83.72851745124694,-0.4016439681524749,-0.9151472894773528,-0.03443991356531316,0.001205720781018572
DSC00734.JPG,92.28642960079014,14.116689738119021,83.82865358957577,-0.40095099374701915,-0.9155314304275668,-0.03221431436545883,0.0016548300501913254
DSC00736.JPG,88.64646466821432,16.811309047974646,83.82170871719131,-0.40100531477726364,-0.9154918800649519,-0.03267411211232972,0.001325689706556333
DSC00738.JPG,85.4843379650265,19.11211039335467,83.80071276758304,-0.4009402214553803,-0.9155221604254484,-0.032649339224684985,0.00036501701513513054
DSC00741.JPG,79.80765836685896,23.767747172620147,83.79344611195643,0.4011938673463717,0.9154511254237628,0.03150742355416128,5.0006930821178675e-06
DSC00763.JPG,65.88759634085,38.319694145582616,83.82578622871881,0.40050912972519487,0.9158894965911314,0.02714603820680911,0.0013998751676242182
DSC00765.JPG,69.3130132611841,35.627129351720214,83.84816869912424,0.4004053705327889,0.9158901713695049,0.028589913996430016,0.0018303155235540997
DSC00767.JPG,72.27682498283684,33.43043416319415,83.84641077183437,0.4001475264950716,0.9159448743387061,0.030389330474722913,0.0018527832647230484
DSC00769.JPG,74.985670177266,31.2151049063541,83.80725495471654,0.40021451169605904,0.9158932704522779,0.031078163507325066,0.001417575792465551
DSC00771.JPG,77.63459633663297,29.00432097353041,83.8249766360426,0.4000424482399584,0.9159403130512829,0.03189846477685579,0.0013676544070848461
DSC00775.JPG,83.53806255199015,24.175942081725225,83.79951247225449,0.3999013656178748,0.9159794585863594,0.0325597685914405,0.0006250552543002084
DSC00798.JPG,96.74308211356401,17.35403116629459,83.7440755661479,-0.39965205146078403,-0.9161062110773462,-0.03193167502908155,0.0028312397518942944
DSC00800.JPG,94.03572173602879,19.44016866176389,83.74684532613139,-0.3997311152250181,-0.9160675446172379,-0.032060181915528375,0.002726528094718352
DSC00802.JPG,91.0670271050185,21.852140920469537,83.76824617641648,-0.3997973286870406,-0.916020948409923,-0.03260816080232796,0.002103781828204531
DSC00804.JPG,88.0140797495842,24.286090946989134,83.78985145904448,-0.39992057833217526,-0.9159723768922452,-0.03249189578401577,0.0015532241270509747
DSC00807.JPG,83.74282615073025,27.728633023798466,83.76107030993035,-0.3998318811744004,-0.9160072937402913,-0.03259497874524274,0.0016346166906055116
DSC00809.JPG,80.80248408019543,30.147989357588813,83.79091716465689,-0.3996414011331351,-0.9160977242890879,-0.0323905554877599,0.001600614848597363
DSC00831.JPG,69.55020562559366,42.76310832193121,83.78427048187723,0.40059333239701517,0.9158417681791285,0.027544719490756233,0.00035514188311988647
DSC00833.JPG,72.63638285920024,40.18907511071302,83.8179639417283,-0.40045625398550916,-0.9158615945009538,-0.02884895834021847,0.00025683603462727054
DSC00835.JPG,75.69119026511908,37.573386140633374,83.81259982753477,0.4006302999481704,0.9157459484285959,0.030078509108286227,6.316543758070584e-05
DSC00837.JPG,78.3765211366117,35.39887813804671,83.81182741514385,-0.40076294109855387,-0.9156681876870303,-0.03067223564489328,0.00022149611885912828
DSC00843.JPG,87.46650640293956,28.258615668164566,83.76880245467544,-0.40102853115343706,-0.9155245199341784,-0.031475268555437176,0.0005273230243184563
DSC00865.JPG,100.29154925048351,21.79561779811047,83.77122072374289,-0.400223868236875,-0.9159103143153925,-0.03033637315822783,0.0029758843720932887
DSC00867.JPG,97.12579402327538,24.122552340384573,83.81855726280469,-0.40026622236147624,-0.9159020384169915,-0.030094736287744193,0.002171199632578774
DSC00869.JPG,94.35217441618443,26.440030036726967,83.84450132034067,-0.3999893088685715,-0.9160005849570463,-0.030785814174344662,0.0019273802981986277
DSC00871.JPG,91.23235776089132,28.977571800816804,83.86949044328719,-0.40008141898252314,-0.9159686017645656,-0.030556834874360887,0.0016305241054917399
DSC00874.JPG,86.72882847860456,32.40413317200728,83.83584249133708,-0.39964876667276267,-0.9161639980466807,-0.030371567688376705,0.0013999486458611352
DSC00876.JPG,83.94477879442275,34.519611357012764,83.84752492374605,-0.39983212307258015,-0.916074332850124,-0.030693462247013074,3.778576118497551e-05
DSC00896.JPG,72.53784689307213,47.2782202612143,83.84134433122904,0.39971043991332617,0.9162280082179676,0.027309011706352557,0.0034668517207810828
DSC00898.JPG,76.05581640079618,44.67314086551778,83.88006397026254,0.3995598092286675,0.916286235182817,0.027656598764318516,0.002570332359845392
DSC00900.JPG,79.22597555629909,42.09552938817069,83.8730576987009,0.399635032023236,0.9161856607878248,0.029789647688312475,0.0028728099781300024
DSC00902.JPG,82.10265308432281,39.67788747907616,83.86111954085618,0.39949670465001025,0.9162718352162093,0.0290827415805645,0.0015814883688090437
DSC00908.JPG,90.86554340645671,32.43306489218958,83.91778019840933,0.4000831870332574,0.916008442700925,0.02934338402986575,0.0009706531890171864
DSC00930.JPG,103.35823393054307,27.075292309978977,83.90513230023419,0.4033594922339948,0.9148459572444368,0.018137386968443952,0.005387924665487624
DSC00932.JPG,99.46079318225384,29.95443966332823,83.89528815214157,0.40205350788436656,0.9154107330590443,0.0188879711997096,0.004405807773585927
DSC00935.JPG,96.0491986386478,32.5436765528284,83.93844909974018,0.40193703615555554,0.9154296299301654,0.02032550426032921,0.004699520078767884
DSC00938.JPG,91.3449535407126,36.254610129632056,83.89491011597329,0.40173189779044416,0.9154898516197645,0.021604731987352552,0.004800982676978884
DSC00940.JPG,88.37470232695341,38.642373689683154,83.89402178995272,0.4014073360833166,0.9156142448248191,0.022343971648707845,0.004842741303571437
DSC00942.JPG,85.38143608160317,41.044006226118654,83.91535215655938,0.4011253307405895,0.9157149598936936,0.02318980114043432,0.0051782611184553904
DSC00944.JPG,82.47158979251981,43.308846060186625,83.95504757875938,0.4010317885330553,0.9157555775222437,0.023389569341698783,0.004260853070800483
DSC00962.JPG,77.19243399426341,50.9436990597751,83.83272165392248,0.3985227416454,0.9168851923407226,0.02173407551892467,0.005366415851148912
DSC00964.JPG,81.30144769884646,47.47940586647019,83.86307719247873,0.398292244048207,0.9169380736266637,0.023714064020704185,0.005049815094557009
DSC00973.JPG,95.14628277532756,36.530142684234306,83.92901958803168,0.3980101345565558,0.9170098207376214,0.025879346195062273,0.0033437855111336113
DSC00996.JPG,105.95932017453015,31.611641149502248,83.87594646323817,0.39752396467905354,0.9172566796984044,0.024770010623143403,0.001152227510161552
DSC00999.JPG,101.86679125577211,34.84278645296581,83.91800104127822,0.3979168543370659,0.9170913942288622,0.024402018378619977,0.003176974174432175
DSC01001.JPG,98.6089552603662,37.57074883999303,83.91123343537254,0.3977485148722629,0.9171708050950882,0.024157775206363103,0.0031992335356891737
DSC01004.JPG,94.91657538153231,40.53635895415209,83.8641170361899,0.39784651685380823,0.917129191621657,0.023771460115173986,0.005206974811833891
DSC01006.JPG,91.72874722257257,43.137168914079666,83.8897875797162,0.3977995676925246,0.917166419881436,0.02314884968535051,0.0050391411724025606
DSC01009.JPG,87.3442949373275,46.58155875746161,83.89709415318794,0.3979257746507498,0.9171154183007886,0.022853440739935994,0.005666359494129773
DSC01012.JPG,81.59399567171931,50.9961755766999,83.87352968317884,0.3978949382619064,0.9170434467104118,0.025704197524149326,0.007087254805728571
DSC01028.JPG,81.57495508901775,54.5226916866377,83.8623945811861,0.398817158029937,0.9167522243237415,0.021772291247044842,0.006016726040809472
DSC01031.JPG,85.19034644216299,51.729886221000925,83.90481822022025,0.39879861712596354,0.9167492372774514,0.022453562472881168,0.005131906264413035
DSC01035.JPG,90.98073947429657,47.02248200867325,83.94270087597533,0.3988805189672017,0.9166915441458482,0.023384697127095292,0.004909217883776962
DSC01040.JPG,98.4827328324318,40.99648223537952,83.89717583963352,0.39884021854888085,0.9166662294444199,0.025040629921188794,0.004740328805146256
DSC01063.JPG,109.8639989439398,35.54954372323118,83.84751244641768,-0.39929066002862207,-0.9165074221008307,-0.02406437696452323,0.0014211999532157975
DSC01066.JPG,105.3228186070919,39.09739657049067,83.83431799403593,-0.39970444588798165,-0.9163337538779979,-0.02384064811624973,0.0006564591653581247
DSC01071.JPG,98.25434813834727,44.84388200403191,83.84206951036117,-0.4000875659002518,-0.9161425302127446,-0.02474746906386994,0.0006055760356133022
DSC01073.JPG,95.0036773942411,47.376304286997765,83.8144302399279,0.4000591316040876,0.916139728867978,0.025309941740159114,0.0003086405687564077
DSC01076.JPG,91.03667192347348,50.438281749607995,83.86183677576719,0.4001519919273745,0.9160893334051883,0.02562080953220551,0.0015135047760033785
DSC01080.JPG,85.17154419608414,55.16302782227285,83.89166614353849,0.40065975289318173,0.9158571446603516,0.02579009135108215,0.0035105803316443124
DSC01082.JPG,81.58545381017029,58.02448133332655,83.84191320816456,0.4003424646609049,0.9159826525712209,0.026215057309283515,0.0038028868104521907
DSC01099.JPG,88.5185253098607,56.08158032828942,83.86459767883582,0.40013852644580683,0.9161599405994302,0.022890604619720253,0.004017849520705858
DSC01101.JPG,91.26421561278403,53.88030852517113,83.81506540712621,0.4001580724701255,0.916113767859524,0.024281255907908233,0.004416105383064197
DSC01109.JPG,103.1403235476464,44.279858151683584,83.83247594909574,0.40038598227596783,0.9160188252560806,0.024271138538371432,0.0033895143352423393
DSC01113.JPG,109.75092120841146,38.97310831747018,83.74615022910461,0.39997775307116396,0.9162060069907575,0.02402964188663507,0.0026317509369850247
