timestamp, p_x, p_y, p_z, q_x, q_y, q_z, q_w
DSC00706.JPG,63.46929428353906,33.12066673510708,84.53414610844186,-0.40533707710565325,-0.9139575066736153,-0.019029765990231377,0.0046257890949877156
DSC00708.JPG,66.4436970371753,30.863504422595724,84.52444101430717,-0.4051156028112072,-0.914039408344496,-0.019723670686764158,0.004927998254457866
DSC00710.JPG,69.56343966722488,28.310680091381073,84.49482021700362,-0.4052580763513646,-0.9139633931793735,-0.02010698067692389,0.0057023511023664595
DSC00712.JPG,72.3115449231118,26.285437201382592,84.47622882344353,-0.4055075950577398,-0.9138491531687034,-0.02028378620902437,0.005646558275435968
DSC00714.JPG,75.65931447036564,23.547018529148772,84.49203459545606,-0.40555732870788264,-0.9137811427824541,-0.022101134175175643,0.006230256390329609
DSC00716.JPG,78.46638578176498,21.353302516508847,84.52421444782499,-0.40527250068398774,-0.9138996140706924,-0.022493836963660314,0.005976862842573244
DSC00718.JPG,81.04120050556958,19.11460968409665,84.50589601935917,-0.4053567550019687,-0.9138574100330065,-0.02234873714058164,0.00714627527180452
DSC00720.JPG,83.81424506008625,16.81546984030865,84.4740720450244,-0.4052893040073577,-0.913880513252163,-0.02237406154980564,0.007898666024105785
DSC00722.JPG,87.01945062913,14.61009798431769,84.52030229314448,-0.40520818475696374,-0.9139135858321047,-0.02252131241644756,0.00781505755008709
DSC00725.JPG,90.36096125096083,11.812465421156958,84.48376091993327,-0.40503574674015286,-0.9139603046605569,-0.023502075153981887,0.008381994445548744
DSC00733.JPG,90.45423617213964,15.203664475120604,84.51618222088052,-0.403499810063816,-0.914668193795265,-0.021949394294119507,0.009392690130799035
DSC00742.JPG,75.69570377655327,27.09082054719329,84.5221693466251,-0.4038418711811113,-0.9145514722513006,-0.021341287060985724,0.007203967691369707
DSC00746.JPG,69.84823040291667,31.649073865963146,84.48911939083405,-0.4042811896399492,-0.914377425451158,-0.02088097720142646,0.005884583225050067
DSC00763.JPG,66.15162790194154,38.03154550655745,84.46414121287842,-0.405992915961412,-0.9137008426581605,-0.0173571853759772,0.00438753128094675
DSC00765.JPG,69.14654901064932,35.76365634589456,84.49740177875651,-0.4058788099958773,-0.9137341333285611,-0.018115880936942403,0.004913251928439851
DSC00768.JPG,73.69535476900637,32.41455076658167,84.52377317935714,-0.40593352501974495,-0.9137108124489399,-0.017946346923404955,0.005334145765490387
DSC00772.JPG,79.53587358258665,27.535202702274546,84.51880766958288,-0.4061695294571572,-0.913581441914275,-0.018901228208748327,0.00616489274738072
DSC00774.JPG,82.54809978045523,25.084679164458066,84.51939597215016,-0.4061703054526118,-0.9135711146943194,-0.01934847357140172,0.006256031902700213
DSC00776.JPG,85.4498783685267,22.809558423701674,84.50837203175922,-0.4064713425041672,-0.9134262062079743,-0.019749071526438393,0.006602098848916663
DSC00778.JPG,89.21827613562346,19.66092916461639,84.50979198332743,-0.4066128582199387,-0.9133634501139276,-0.019719763925678566,0.0066575098130097835
DSC00781.JPG,94.37477131001651,15.66627889382653,84.482904159952,-0.4065634067720849,-0.9133566067405218,-0.020672931077567378,0.007650824660065892
DSC00798.JPG,93.92784850671887,19.58867382700555,84.47727762609463,-0.40610951833402587,-0.9135806080211155,-0.019722802216688432,0.00751949725687221
DSC00801.JPG,89.50717058219016,23.05374214053154,84.49225893662481,-0.4062146382453374,-0.9135270929155439,-0.020253665335551053,0.006907041693816853
DSC00808.JPG,79.20204924978316,31.276215002173558,84.55614586464753,-0.40578252591906283,-0.913711320784677,-0.021098103024899083,0.005199420873214426
DSC00812.JPG,73.05092012695968,36.20981704397127,84.52918985470149,-0.40555945555375605,-0.9138416947245259,-0.019871570918091105,0.004472769074650224
DSC00828.JPG,69.68474743887782,42.43338330066763,84.47299043491705,-0.40742227236694517,-0.9131163465611718,-0.014552856597167067,0.003720750864289408
DSC00830.JPG,72.80546291731298,40.053714528214186,84.49339332586658,-0.4073185577121427,-0.9131502836792946,-0.015359583582683767,0.0034978781983280322
DSC00833.JPG,76.994235817343,36.74390488723293,84.5348699936003,-0.4075838799448567,-0.9129975505969902,-0.017210134762412236,0.0038294483222422607
DSC00837.JPG,82.93190431036055,31.995464926585555,84.5546463400542,-0.4073736216035944,-0.91307983398828,-0.01748645637770748,0.005115958254013995
DSC00839.JPG,85.78717245534062,29.500530486926436,84.546496739095,-0.40748329593164373,-0.9130245288841381,-0.017737629676746396,0.005380491244537775
DSC00841.JPG,88.82056672126055,27.168270493857563,84.52765060603258,-0.4073226737723027,-0.9130882936398372,-0.017875568885534064,0.006202538665024553
DSC00844.JPG,93.22363249957561,23.577705734875053,84.51489766567306,-0.40715954539786137,-0.9131445312729591,-0.018586325618521925,0.006535908329897986
DSC00847.JPG,97.72820660285652,19.924632530193776,84.50259505514077,-0.4074059852737637,-0.9130176475084456,-0.019391928453444635,0.006564420165851362
DSC00864.JPG,97.343001620844,23.986378631088883,84.48799005890419,-0.40635000235695895,-0.9134960327752193,-0.018299382167775845,0.008355016499812861
DSC00867.JPG,92.79998331144452,27.43943123309873,84.51378739590757,-0.40634391527027086,-0.9134837288384461,-0.019490203626217232,0.00722714555293928
DSC00874.JPG,82.6513952575624,35.865810291375965,84.54549756449615,-0.4062886359563924,-0.9135314161145999,-0.018997957422188443,0.0053827203282930175
DSC00878.JPG,76.53712823428214,40.558300375938416,84.53799455962348,-0.4064241078284569,-0.9134768495631796,-0.019087364486828205,0.0038938932853524173
DSC00895.JPG,73.11324385553598,46.95656296424568,84.50257322126208,-0.4087398956910423,-0.9125415389934209,-0.013499459224242897,0.004171556381875767
DSC00897.JPG,76.24447232671082,44.46002867561765,84.5298102895672,-0.4088375345945845,-0.912488197143103,-0.014083210051685655,0.004338614501382103
DSC00900.JPG,80.41657366976142,41.20262734591961,84.545394636889,-0.4088908681665153,-0.9124424835568776,-0.015342743467438169,0.004644604771507827
DSC00904.JPG,86.32561940141022,36.479169437196106,84.5247865584463,-0.4089191766027338,-0.912401361331368,-0.016633860075964065,0.005672525555852054
DSC00906.JPG,89.28479188494384,34.07495971117169,84.52028708587625,-0.4088707198163285,-0.9124151195615554,-0.01679624675036649,0.006424186131429241
DSC00908.JPG,92.20482836849988,31.68436149810441,84.51403018948895,-0.4088944851003586,-0.9123919307814609,-0.017539208246986255,0.006216178364511933
DSC00911.JPG,96.60581353493035,28.123728240607306,84.5637116950345,-0.4088727906806849,-0.9123850232313149,-0.01791874435792024,0.007451779976471748
DSC00914.JPG,101.12397103197873,24.466130710206926,84.53470364987913,-0.4090143614468069,-0.9123079595430468,-0.018293938669550557,0.00817134582659523
DSC00931.JPG,100.81108649075031,28.51079947152175,84.5623445809739,-0.4076873981713427,-0.9129137343576617,-0.017902410102786155,0.007681321887614084
DSC00934.JPG,96.16399661451578,31.89612764120102,84.59495727249123,-0.40761654324895735,-0.9129338586589043,-0.01871693249157909,0.0070851832750159546
DSC00940.JPG,85.87227424420416,40.162376900203526,84.59130300934407,-0.4075506909230707,-0.9129535067397068,-0.019405468335032212,0.006461939221143383
DSC00944.JPG,80.01320545002818,44.936207896564156,84.5010711743904,-0.4073968645178207,-0.9130151754005826,-0.02009679431903739,0.005215661740330815
DSC00960.JPG,76.35496818646789,51.53327369131148,84.51482576615172,-0.4083249355790112,-0.9127274636227283,-0.01378828185875308,0.0030343725218076366
DSC00962.JPG,79.54069374501705,49.0748315746896,84.52497053656452,-0.40826509140935785,-0.9127508151433151,-0.013873849951872443,0.003616749816542962
DSC00965.JPG,83.90704396553338,45.372408074559644,84.56061024925464,-0.4083234373501053,-0.9126875662344148,-0.01623454666092737,0.00313312087374102
DSC00969.JPG,89.8579323310405,40.594232524512336,84.57051411505734,-0.4084534378457076,-0.9126182155520097,-0.01649407372133378,0.004661253775943029
DSC00971.JPG,92.67584295012057,38.23393754148856,84.56420943591615,-0.4085786418927818,-0.9125629065148804,-0.01609962127326936,0.005765174500509703
DSC00973.JPG,95.62238657101989,35.81035841908306,84.56522054837194,-0.408778249003118,-0.9124581541236453,-0.01668382910451585,0.006489218876468971
DSC00976.JPG,100.25765703804791,32.321247642626986,84.5005232844403,-0.40911575191367383,-0.912289604017444,-0.017096967599930197,0.007724871305822273
DSC00979.JPG,104.51208273880184,28.936508287442848,84.47581610149518,-0.4091108945625968,-0.9122708103728078,-0.017862025258199802,0.008437567517202628
DSC00997.JPG,104.16363140009344,32.699296571547166,84.57822446881323,-0.4094384378758369,-0.9121223134281446,-0.017379390564719772,0.009539796637402606
DSC01000.JPG,99.66267726384103,36.171919436892495,84.6009850043256,-0.4097152898255491,-0.9119988519275841,-0.017832714576763872,0.008571444263284487
DSC01007.JPG,89.69781734235585,44.4805939567741,84.59082968279381,-0.40978172203323066,-0.9119865605989981,-0.01822570906203562,0.0052227486514330864
DSC01011.JPG,83.48989953100681,49.534531344193965,84.61508953301836,-0.4097477572985745,-0.9120322652856545,-0.016901866671038202,0.004271928105757299
DSC01027.JPG,79.74501751363277,55.9316452476196,84.50037158369287,-0.4099598094524727,-0.91199739764883,-0.013630085260023538,0.0028146209796288337
DSC01029.JPG,82.8783855047077,53.463316878303885,84.50947781672767,-0.4098515877960238,-0.9120347882416044,-0.014291467091511755,0.0031583202089230378
DSC01032.JPG,87.3938346132636,49.88190278131515,84.51011870673904,-0.4099227560512728,-0.9119751537979248,-0.015793931379120447,0.0038993150900533597
DSC01036.JPG,93.39553073979914,44.76604279130697,84.58376938558047,-0.40985790580731135,-0.9119828150927543,-0.01676048433332127,0.004788338715300423
DSC01039.JPG,97.4614122621715,41.65001094411127,84.50820428077054,-0.4099087284174747,-0.9119383692258766,-0.017814204918031557,0.005089126050311961
DSC01043.JPG,103.40091957896948,36.83901134645566,84.48414133144126,-0.40997931141597493,-0.9118795976285943,-0.018788943835158018,0.006288022674557987
DSC01046.JPG,108.0534021165222,33.13087088847533,84.45187477712466,-0.4100633950846098,-0.9118218544379465,-0.019575510390096112,0.006761447625628618
DSC01064.JPG,107.70421980880201,37.216836869716644,84.54324149866704,-0.40880677165828594,-0.9124070650118403,-0.01732855685632423,0.009491695322038196
DSC01067.JPG,103.42313342168927,40.59641849901527,84.51980209064334,-0.40882053283875686,-0.9123910232609165,-0.018357578548210917,0.008449373478502283
DSC01069.JPG,100.58071277663112,42.94504971685819,84.53323645480623,-0.40868701331915913,-0.9124363600035269,-0.019258515246528655,0.007995228469455338
DSC01071.JPG,97.51414174959064,45.26966103725135,84.58092055533018,-0.4085623470666255,-0.912504224877035,-0.018829446306705355,0.007635449741529964
DSC01074.JPG,93.01861170679331,48.81008235202171,84.52562855131839,-0.4085800697245386,-0.9125058864276676,-0.018861579589020627,0.00629084049666976
DSC01078.JPG,86.99675299227238,53.62310246867128,84.52840691723372,-0.4085259129637067,-0.9125400493340562,-0.018861439990446916,0.004634962788978048
DSC01095.JPG,83.34364230930805,60.32061095815152,84.51203722806224,-0.4086026967450134,-0.9126175739048414,-0.01279886780282523,0.0030313356313776915
DSC01097.JPG,86.31396186165512,57.86897440860048,84.54907472713319,-0.40850419872388416,-0.9126490016177655,-0.013575552492443504,0.0034385819137812993
DSC01100.JPG,90.76512068882585,54.315885422285646,84.53215554590611,-0.4084659294160502,-0.9126430700129821,-0.015031138360735444,0.00350373274403052
DSC01104.JPG,96.4342350680381,49.66122220805846,84.49776916489282,-0.40851010464499754,-0.9126157191592488,-0.014997021497285414,0.00520892432175507
DSC01111.JPG,106.80710607208312,41.351731507107615,84.53126402078567,-0.4086403689447705,-0.9125009140101055,-0.017482448268903408,0.007035254219243129
DSC01114.JPG,111.2269612737,37.739242867100984,84.49411202818669,-0.4087204312685001,-0.9124513023751959,-0.017801735536626465,0.00795789352683519
