timestamp, p_x, p_y, p_z, q_x, q_y, q_z, q_w
DSC00702.JPG,63.43247044272721,33.1061150750611,83.89371965051555,-0.4021661299415365,-0.9152811841323019,-0.022855086047841554,0.0006347778854640014
DSC00704.JPG,66.34618636220694,30.669780606171116,83.89911433771238,-0.4020931174960868,-0.9152733001231885,-0.02440996056267063,0.0002544979660062911
DSC00706.JPG,69.6263355370611,28.036496296990663,83.91295580533483,-0.40210171721017746,-0.9152476663612046,-0.025180795313901563,0.0013585964651216045
DSC00709.JPG,73.85657365992665,24.755398471839726,83.93979479546454,-0.40227044360639,-0.9151628730460533,-0.025501702643046704,0.0022514797615507415
DSC00712.JPG,78.37998162396252,21.125926019158214,83.95607350105013,-0.4021804365052244,-0.9151755765179903,-0.026373281017542424,0.003001780438530722
DSC00715.JPG,82.8192177824676,17.618468226864934,83.95858902069256,-0.4021444843505301,-0.9151835082481097,-0.026529473087351006,0.0038919140323854834
DSC00717.JPG,85.69626283831894,15.226429520407692,83.95810672026187,-0.40216729632523773,-0.9151447063298629,-0.027461761136727214,0.004181377541712535
DSC00720.JPG,89.40377619303763,12.362663502572104,83.90522250182516,-0.4018651065409209,-0.9152668680249441,-0.027614126342162374,0.005334460331064872
DSC00727.JPG,93.53428391367197,12.84377707191743,84.07671086215385,-0.4006835864897721,-0.9158049300297225,-0.026658220160101588,0.006582776681941349
DSC00729.JPG,89.3851554915309,16.00947038596496,84.01667769908647,-0.4003918238309207,-0.9159352319554193,-0.02691701092654177,0.004951039779873775
DSC00732.JPG,82.99794281832874,20.973964393138885,83.96100679737867,-0.40023857519910294,-0.9159903139085985,-0.02769373219074096,0.0019710265260755085
DSC00735.JPG,78.34218692220747,24.806322041666135,84.02357130138216,-0.40030098826473315,-0.9159742441053387,-0.02738955422771446,0.00033948363502397266
DSC00738.JPG,73.9635796174407,28.18688022135757,84.00994309769783,-0.4003691654233167,-0.9159596348260917,-0.026878631372307484,0.00013387696240094274
DSC00741.JPG,69.87643891759217,31.411173356696963,83.9766235586809,0.40057033845877105,0.9158788533680126,0.02658143963626584,0.0016604117511312714
DSC00758.JPG,66.41493449173868,37.69804823771119,83.95780339282294,0.4029140518215292,0.9149445751704581,0.02287697350377245,0.0036517522116608424
DSC00760.JPG,69.52912985906005,35.35487155802548,84.01444882968815,0.4029163184781823,0.9149276730693979,0.023516661721231763,0.0035721110417338063
DSC00765.JPG,77.41624081507325,28.84589177928865,84.00819982067435,0.40311829926296894,0.9147750917123891,0.02604650866343968,0.0019359153822940656
DSC00769.JPG,82.74745070375502,24.793047020444646,84.03043419363019,-0.403216963976149,-0.914738314208378,-0.025880266515048513,0.00032906865643705414
DSC00772.JPG,87.84257964789867,20.627536085201427,84.01392135398476,-0.4033116589957353,-0.9146647824236774,-0.026949735179594415,0.0013241169525687357
DSC00792.JPG,95.68688422068954,17.891159732593223,83.99669935626582,-0.4025794492562576,-0.9149785968253531,-0.027131052820464536,0.0028036335155482497
DSC00794.JPG,92.99480297230184,20.17586558451876,84.0117017653763,-0.4023615998698767,-0.9150863077108964,-0.026770565258878797,0.002351430609594487
DSC00797.JPG,88.01131794974208,24.207226418191567,84.01749384899733,0.40248743929990044,0.914999877856792,0.027912078428974973,2.4609749312190283e-05
DSC00801.JPG,82.48824210837483,28.565343173220754,84.01045284004829,0.40260701843500424,0.9149545454462794,0.027669937825556434,0.0003781729748174818
DSC00805.JPG,76.69952991977334,33.182722229044884,84.03966386011405,0.40263639377882365,0.9149682741758832,0.026761117659111062,0.0009133663149639837
DSC00807.JPG,73.52136071771383,35.73628012672998,84.02688449547486,0.4026656573468494,0.9149571655940933,0.026644051444496993,0.0019616432080168385
DSC00823.JPG,69.0548978317529,42.95811668015085,83.99128249327146,0.4041078673501654,0.9144449285486225,0.022014184820407193,0.0016370290464325279
DSC00825.JPG,72.17604021169245,40.42990881856531,84.01092991040082,0.4040136287743486,0.9144614851449244,0.023047174743319822,0.0014169288878875515
DSC00828.JPG,76.8894762545824,36.538621730869636,83.9946525748868,0.4038997671706781,0.9144665067222251,0.024808516910858912,0.0007236376208651766
DSC00830.JPG,80.49746748432517,33.70475737378001,83.9769669072549,-0.40403270392713253,-0.9144103023087129,-0.024723757956378614,0.00033012351133889086
DSC00834.JPG,86.3128827791661,29.052902777679265,84.03435917771719,-0.4040505434304479,-0.9144067981093832,-0.02448772175162056,0.0019280581736186152
DSC00838.JPG,92.36475150845945,24.222259737784043,84.0236964501496,-0.4041350109312087,-0.9143597877783296,-0.02468225032599588,0.0034435377803811416
DSC00858.JPG,99.11394162103534,22.36149917449802,84.06223221504331,-0.4038889443193123,-0.9144346240579708,-0.025654316532609054,0.004989491340199434
DSC00860.JPG,96.17855383642018,24.816963136196136,84.07853333107937,-0.40387168380341504,-0.9144471966999689,-0.025594265442383354,0.004349832850558264
DSC00863.JPG,91.7557501513511,28.301295827841386,84.10410447932645,-0.4039984103124647,-0.9143925556966873,-0.025697080246133562,0.0033464336697794335
DSC00867.JPG,85.98695994354784,32.802488229004666,84.10551475362979,-0.40378752756245523,-0.9144866081111287,-0.025854416428612952,0.0011938683086735805
DSC00871.JPG,80.71445794776082,37.15285727055743,84.09662517447293,0.403849645677455,0.9144597245899511,0.025858242608643944,0.0004765272894645583
DSC00873.JPG,76.91579315066338,39.97422045562416,84.08814672653114,0.40384307806548086,0.9144771965437031,0.02525200440952245,0.0021357840407692213
DSC00891.JPG,74.1068685669452,46.14539198670536,83.96258101392141,0.4054649408677396,0.9138724844852877,0.020506774394909857,0.003838753928585074
DSC00893.JPG,77.36409693025053,43.54170878883451,84.00482592745561,0.405200655859203,0.9139613633893855,0.021779624378623543,0.003564082576637013
DSC00896.JPG,81.00284638442099,40.64345123176463,84.0212535998827,0.4052014443561315,0.9139450916635897,0.022629122516004258,0.0020203291547893397
DSC00898.JPG,83.96284956485033,38.15716289100237,84.02226275917974,0.40512214037172994,0.913963468913163,0.023332508521346062,0.0015565728208718726
DSC00902.JPG,89.38600035570562,33.59780174517073,84.04597718277864,0.4050248909831967,0.9139669462084566,0.024871301158122815,0.0008229830739605151
DSC00906.JPG,95.82761109061539,28.60465452889912,84.02348009756929,-0.40498000873255074,-0.9139856842180205,-0.024899944810099862,0.0011637525311711066
DSC00926.JPG,102.56898126006126,26.84401813102886,84.02029644298182,-0.4040444566034278,-0.9144549262351158,-0.022776781127364892,0.0012178726722954175
DSC00931.JPG,95.7779635656625,32.283298086375,84.12360557306056,0.40413113264392697,0.9144057921137467,0.02322644257488075,0.0007793215538534456
DSC00933.JPG,92.66952708363533,34.69676461885683,84.1210680889128,0.40425179065895783,0.9143496739523107,0.023279751372168755,0.0017935072843505051
DSC00935.JPG,89.30022143945098,37.38547408091836,84.08944005602257,0.404154440910504,0.9143881990796932,0.023269331538225753,0.003456513543642557
DSC00958.JPG,77.10333723761141,50.82287798426114,84.05402751212421,0.4058757785917631,0.9137022773787358,0.019597497642571814,0.005379475029373207
DSC00960.JPG,80.241424664855,48.3988177140709,84.0730637419664,0.40585415702364697,0.9136964437561389,0.02046577717012855,0.004729044177451237
DSC00962.JPG,84.63771979697049,44.65778293320909,84.03521344553462,0.4057140930796773,0.9137055870306998,0.02292260829912467,0.0035677631906246127
DSC00965.JPG,89.10640665702522,41.063917208928615,84.08285191231084,0.4057530322820679,0.9136943855006697,0.02284101778143516,0.002309676420823981
DSC00972.JPG,99.16437890380621,33.106982696801424,84.00411442647112,-0.4055652074553154,-0.91373241525381,-0.024693122610772947,0.00043071091842596365
DSC00974.JPG,102.50516341626644,30.601311055244878,84.0094724706289,-0.4055233710227282,-0.913739059177761,-0.025118646773769283,0.0008836693712954698
DSC00992.JPG,106.04159714654088,31.22717648395337,83.91645005175235,-0.40428037635723546,-0.9143308289164872,-0.0235511767605553,0.0013618584854893834
DSC00997.JPG,99.08544551022351,36.7433939515613,84.03139428587065,0.40427190915195954,0.9143412041093408,0.023291561323337942,0.001374448846693644
DSC00999.JPG,95.91162620857358,39.21454939991236,84.05075049656375,0.40437398291210735,0.9143006389353916,0.02306112166115884,0.00205140290106653
DSC01003.JPG,88.4897545799613,45.26847584522329,84.0787306830548,0.4045619895293451,0.9141973290391162,0.023639775523504197,0.0037418202792774227
DSC01006.JPG,84.23142733797431,48.572623676853254,84.10570630860195,0.40481635682298134,0.9140834974329237,0.02350618368674473,0.004747241077469171
DSC01023.JPG,80.41028437018394,55.39054451137781,83.96126665679174,0.40645538622312916,0.9134422831776899,0.019972023985182923,0.004281655202263691
DSC01025.JPG,83.88041843473911,52.53271850687452,84.00599624788322,0.4064480690005378,0.9134268088324721,0.020938643608753593,0.0036062883531762114
DSC01027.JPG,87.79044166207314,49.37026533926837,84.02700378361851,0.4064485739713469,0.9134071006331065,0.02190266959841278,0.002701535515844946
DSC01030.JPG,92.01365218497813,45.88524112571031,84.0535137150074,0.4064900255773877,0.9133740086966642,0.022612324597935142,0.0015691143229409593
DSC01032.JPG,94.91149089671671,43.36161048547365,84.01918248670233,0.4065854345546887,0.9133088351031362,0.023542612106222046,0.0010007725730881076
DSC01037.JPG,102.71381554380059,37.300639372784644,84.00731447362159,-0.4064858271438807,-0.9133316090928727,-0.024378243141487035,0.0005877280950762581
DSC01039.JPG,105.88563078269362,34.74402866046876,84.00507891395978,-0.40653719520642323,-0.9132885776968466,-0.02510734168402598,0.0010507881455092984
DSC01057.JPG,109.99349368549883,35.00917794811539,84.03099758789813,-0.4050745314614528,-0.9139438750926915,-0.024864310141025553,0.0017272009292499941
DSC01062.JPG,102.15598205476999,41.46203193557449,84.04814883648305,0.4049094369461496,0.9140232177138453,0.024638749148490895,0.001684456107657031
DSC01064.JPG,99.3579369597137,43.61914678127505,84.04667102857115,0.40507615051040574,0.9139576134688141,0.024277441991681328,0.0023235490960274957
DSC01068.JPG,92.19522379525006,49.33819368807599,84.0631203948069,0.4051882670266413,0.9139198918460408,0.023516895822156346,0.004455913257428135
DSC01089.JPG,83.88103353045881,59.80056822951883,84.00389070361814,0.4062736365052147,0.9135433373991003,0.018541556408536594,0.00604265343133184
DSC01091.JPG,86.81783361360431,57.419104038970545,83.97946657201214,0.4061803806536868,0.9135500846582295,0.020297987581953857,0.005633195637491632
DSC01093.JPG,89.83146324194968,54.935711009893566,83.96463031656845,0.40621754303231394,0.9135231215795333,0.02106403767697729,0.004372686716201137
DSC01097.JPG,95.41783821955323,50.32462393003516,84.01161577345306,0.40621010022321663,0.9135066148468843,0.022177089261089345,0.002682502476379359
DSC01099.JPG,98.61694641038775,47.741244373843074,84.04741282858515,0.4061738707096123,0.9134939331356152,0.023427611019345828,0.0016637064410214945
DSC01104.JPG,105.97779436782002,41.828645598609,83.99686660294628,-0.4060454725210237,-0.9135391551683012,-0.023934742810593414,0.000643666183800923
DSC01106.JPG,109.00791485607624,39.43834727234207,83.9627354008735,-0.40610828304327373,-0.9134928339943135,-0.024594834638099507,0.0014137870444489186
