timestamp, p_x, p_y, p_z, q_x, q_y, q_z, q_w
DSC00727.JPG,91.94304283894598,11.50816980865784,83.89439401422067,-0.41072554311628934,-0.9112522114920564,-0.029472543072015713,0.007436698698643386
DSC00729.JPG,87.56641046702862,14.815022141905501,83.84015575888543,-0.41074443627713664,-0.9112533958744383,-0.029229109765511196,0.007205256206219443
DSC00731.JPG,84.23082036525011,17.25680391746573,83.87007762651149,-0.4107794997759052,-0.9112283384524227,-0.0297268015782666,0.006279731922603839
DSC00734.JPG,79.7345996145159,20.92749228863977,83.92300922147308,-0.4107937063397246,-0.9112308486219112,-0.029598939537589148,0.005547443529585206
DSC00737.JPG,75.29096670076251,24.5843214194756,83.98307080688585,-0.4107903717308335,-0.9112413412497351,-0.029376136732497254,0.0052470068897908706
DSC00740.JPG,70.81793642602861,28.094652701634914,83.90217861124927,-0.41078344241327847,-0.9112323978925042,-0.029841851307871283,0.004684482969581183
DSC00743.JPG,66.97078500315547,31.049855631543323,83.87980883175896,-0.4108729290212543,-0.9111673056901571,-0.030700476418796887,0.00388046214955071
DSC00745.JPG,63.723260970786214,33.743027694290504,83.88459571437886,-0.4109103449126211,-0.9111467716321485,-0.030879844579562252,0.003268667441991562
DSC00760.JPG,70.38012967258692,32.02541610435583,83.899848595089,-0.40970296061269373,-0.9118148205664653,-0.026781036479755247,0.004471369545037539
DSC00763.JPG,74.28502937406301,28.83852964011021,83.82921962540081,-0.4096350060827338,-0.9118311430616648,-0.027132309194744537,0.005192892471164077
DSC00766.JPG,78.6667099185288,25.34995014523156,83.84791906131284,-0.4094446015154,-0.9119272667347688,-0.02674637932855157,0.005330072078471501
DSC00769.JPG,83.27768513560295,21.612115898169577,83.75684502395359,-0.4093719759990335,-0.9119497739728977,-0.027155009077146675,0.004980009984664981
DSC00775.JPG,91.1769978441298,15.2405196337495,83.84248560858714,-0.4090659024835174,-0.9120280401412392,-0.029050198882018846,0.005101702303198962
DSC00793.JPG,95.61460319533944,15.506048403214663,83.79168400135529,-0.4076230050115452,-0.9126556184687638,-0.029000408028678072,0.0078856957161011
DSC00796.JPG,91.5494574047625,18.626929787686095,83.92758274955747,-0.4075981584071258,-0.9126571608757424,-0.029477527917437525,0.00719189218674956
DSC00798.JPG,88.0877331867814,21.261757265543565,83.89431195855695,-0.4075267683726751,-0.9126444779026005,-0.030969987530794458,0.006545982428727081
DSC00802.JPG,82.55336163192987,25.754440893419087,83.92751240258121,-0.4074169402057332,-0.9126996036673978,-0.03078033984918667,0.006590976979289127
DSC00805.JPG,78.44036806188524,29.226010621059686,83.95488288894421,-0.4074276003198109,-0.9127332328644455,-0.029587930386969274,0.006734277828689524
DSC00808.JPG,73.9739633128047,32.700104928109795,83.94866860252898,-0.4073046088371247,-0.9127621765681864,-0.030462513927443924,0.006340338458177425
DSC00811.JPG,69.34581502899528,36.179220993304625,83.90167952044555,-0.40742036179179053,-0.9126747505657652,-0.03168018827112051,0.005460233353152245
DSC00813.JPG,66.11983506567776,38.9493123004213,83.93717306559518,-0.4074623556140622,-0.9126734100500484,-0.031183953806876417,0.005407066674884672
DSC00826.JPG,72.4405680950731,37.58745544590056,83.88235878358773,-0.40828110421927477,-0.9125162872689819,-0.02456457396669761,0.004140907165992891
DSC00836.JPG,86.04468045756221,26.532406276324764,83.92357339015336,-0.4083379394837385,-0.91242012026356,-0.026932777291968746,0.004927151687011151
DSC00842.JPG,95.02435011230409,19.183094474487007,83.95637901600958,-0.40822686496859845,-0.9124233128892936,-0.028451488220777005,0.005003761790733207
DSC00860.JPG,99.24828336946666,19.56371139222756,83.85170512924367,-0.4064876063651211,-0.913188505920918,-0.027910017540290533,0.008695369248996894
DSC00863.JPG,94.78670144639909,23.182888352079317,83.87046890679915,-0.40662161336916536,-0.9131127132518393,-0.028651119533611397,0.007946684112969537
DSC00865.JPG,90.36591525562108,26.65696291695349,83.87636475574936,-0.4063825358357764,-0.9131611216028729,-0.030747303191123593,0.006678615660392992
DSC00868.JPG,85.8772956430912,30.2112278919667,83.82740820088463,-0.4062534707739749,-0.9132343142951989,-0.030191196542024346,0.007049562343709525
DSC00871.JPG,81.26382645405829,33.82690632180311,83.87279447674234,-0.40598772969474617,-0.9133801165762461,-0.029445018710659118,0.006611872170406949
DSC00874.JPG,76.82606951333582,37.41657945443876,83.86743918031107,-0.40611317943213093,-0.9133020848059156,-0.030296677298488405,0.005787808338697735
DSC00877.JPG,72.51161862164736,40.98547723097727,83.8767495853657,-0.405836219324582,-0.9134345011610516,-0.030125855547763338,0.0051776443007825815
DSC00890.JPG,71.36512479744852,45.27968308492564,83.83063947744074,-0.4068476450374114,-0.9131495239003816,-0.024999865477203453,0.0028191229382028386
DSC00893.JPG,76.42811948992312,41.41854194481857,83.93326129117224,-0.4066261932527825,-0.9132229296639369,-0.025850349136269928,0.003283161022573318
DSC00896.JPG,81.19516140595078,37.58049396099523,83.88174617215441,-0.4067285583334308,-0.9131523182168975,-0.026748860010077605,0.003036784364462414
DSC00899.JPG,85.60207814350724,33.999650933314115,83.90962168018586,-0.4066788576643386,-0.913197672062168,-0.025856603840482332,0.003708706904277866
DSC00902.JPG,90.07302206382155,30.59219531272538,83.91013120382331,-0.406553939948227,-0.9132546881897505,-0.025781312402873978,0.0038848864591243325
DSC00905.JPG,94.65459477901459,26.902790990425274,83.90590979569856,-0.40641029636956294,-0.9132957150042154,-0.02653415865190653,0.0041888404575100915
DSC00908.JPG,99.0340532977134,23.296718548517674,83.89088936047801,-0.40648725129048263,-0.9132484541596929,-0.026960847279651926,0.004299793855874989
DSC00925.JPG,102.54266916774213,24.015390110202134,83.91833992147451,-0.4051947323974081,-0.9137806668666301,-0.02740901874838229,0.00841827710520917
DSC00928.JPG,98.061030684039,27.631344392197207,83.95899279069863,-0.4052214096479726,-0.913772765914601,-0.02759238420105469,0.007321322953621148
DSC00933.JPG,89.30035926960409,34.53522403910756,83.94482995930946,-0.4053668253659399,-0.9136643036768174,-0.029221163930009897,0.006434334314590078
DSC00936.JPG,85.39156438969076,37.76681940769777,83.89861524204377,-0.4053339910843235,-0.9137112349008528,-0.028320849143446535,0.0058364708006737745
DSC00938.JPG,81.32345179840922,40.9395273195114,83.86094832897618,-0.4053906822606561,-0.9137055645713581,-0.027854812630050477,0.0049644154661358025
DSC00942.JPG,76.01013246364892,45.35058327205479,83.89655566226907,-0.40553785810000087,-0.9136223313958638,-0.028596381061371603,0.003940585317351181
DSC00959.JPG,75.0943868085742,49.96585581987165,83.86865687102932,0.3655592572341276,0.9307875148597355,0.0009996871203546498,0.00017960326271943726
DSC00962.JPG,80.48642272129655,45.4410956799984,83.88309637679947,-0.3651634993388631,-0.9309168735170187,-0.006107358193453363,0.0034775749872120476
DSC00965.JPG,84.71816751919687,42.03438161383383,83.95579055890641,-0.36509107591113027,-0.930900635098424,-0.00974423296529413,0.006128930357046634
DSC00968.JPG,89.20736806280911,38.50397103978321,83.92650153746331,-0.3648214005115398,-0.930951279451146,-0.012662410357213962,0.008644326521994193
DSC00971.JPG,93.74532695300877,34.954048132291064,83.90351135857327,-0.3648410987872486,-0.930870332246466,-0.016109923917789752,0.010576744793688194
DSC00974.JPG,97.55314216390252,31.938209112500772,83.8968366554684,-0.3650283546050964,-0.9307580247615745,-0.017437061889024934,0.0118215290426624
DSC00977.JPG,102.0776603538543,28.164785698521882,83.87934869054845,-0.365351384471877,-0.9305752652580157,-0.019747930093024103,0.012572223808744768
DSC00995.JPG,105.66286603361368,29.05396279040724,83.87778107633665,-0.36406085158507795,-0.9309960160881677,-0.021780290901580988,0.015222788816461462
DSC00998.JPG,101.38739018887281,32.44121937127784,83.92155454490648,-0.3642839499944165,-0.9308971078774392,-0.023044904746184442,0.014025358716398477
DSC01004.JPG,93.10175250470638,38.82171491673216,83.88959184420958,-0.3644328148653436,-0.9308418994381369,-0.024236281001104452,0.011605360096064372
DSC01007.JPG,88.65483299829066,42.424304427811876,83.92262457990898,-0.3644490375202827,-0.9308560801955736,-0.023380491942311427,0.011713650584096808
DSC01010.JPG,84.02490492910147,46.14066745736636,83.94853868265773,-0.3645378967817742,-0.9308314375725119,-0.023378813275423387,0.010880612411231413
DSC01013.JPG,79.99150847271085,49.24256794387475,83.92878084777203,-0.36456957029052717,-0.9308294805863349,-0.023239524558553833,0.010267959283481924
DSC01027.JPG,79.20822399668396,53.661265013506636,83.90348662846475,-0.36583086886755994,-0.9304518249687793,-0.017637629270168622,0.010774545447616725
DSC01030.JPG,83.66266909986734,50.20306746265851,83.91942588711402,-0.3655586624907375,-0.930544256169406,-0.018099940403726117,0.011253610331453787
DSC01033.JPG,87.6950456481427,46.905221541877836,83.89129832236335,-0.36549050431670854,-0.9305572876438465,-0.01836679668770135,0.01193676868662876
DSC01036.JPG,92.0446888320148,43.54966732021421,83.91713919419351,-0.3655789874018504,-0.9305172531871083,-0.018351721244128878,0.012363649086517476
DSC01039.JPG,97.25658716075122,39.29124660580419,83.92810965412684,-0.3655372127825623,-0.9304976885462957,-0.019232823015788665,0.013663681787870788
DSC01042.JPG,100.82270782068372,36.305783023592085,83.92919844778646,-0.3656019980878389,-0.9304519224540533,-0.019606205305692192,0.014491228700399324
DSC01045.JPG,105.39597001112998,32.61355922068469,83.91590074446981,-0.36577555290033076,-0.9303488069912137,-0.021522203161229433,0.014004892058470105
DSC01066.JPG,105.15390184521675,36.3635954586789,83.93745761303887,-0.36517788683311286,-0.9305790673794834,-0.02183802785507141,0.01381343051651988
DSC01069.JPG,100.55680343322456,40.03370138537139,83.92200406135703,-0.3652648760683535,-0.9305384496790405,-0.022539568867219018,0.013104648601837491
DSC01072.JPG,95.84712990932167,43.69413066771813,83.9050722746531,-0.3653676476695671,-0.9305025014064929,-0.022829260984774825,0.012263839348096342
DSC01075.JPG,91.87690543755889,47.019124179845676,83.94786756053702,-0.36559914110158587,-0.9304192246691853,-0.02274735845532362,0.01182759802667636
DSC01078.JPG,87.02092765830457,50.76418092940003,83.82508513782841,-0.36581308035755233,-0.9303228525944034,-0.0237203506263081,0.01084090153521625
DSC01095.JPG,81.73824566788971,58.670979655813426,83.79104553691013,-0.36546388978552,-0.9306076793035057,-0.017991127452148658,0.00904498851194865
DSC01097.JPG,85.212651822716,56.09655944281258,83.83867742392897,-0.3653314943065595,-0.9306605501640874,-0.017918819351452956,0.009097007698407327
DSC01101.JPG,91.42369343340397,51.14044592040591,83.88834619076908,-0.3650907860103044,-0.9307394788235481,-0.017942916834842688,0.010525790474164522
DSC01104.JPG,95.67005561850965,47.522471415577456,83.85709159806106,-0.36522712854407974,-0.9306769668239565,-0.018301313299924488,0.010704668621915488
DSC01107.JPG,99.99631576240063,44.04196465946734,83.92589987922508,-0.365276795697928,-0.9306692503768865,-0.017599464567152695,0.010856692614594076
DSC01110.JPG,104.64433433115482,40.36186648486182,83.89282677315896,-0.36509870106849596,-0.9306978960483865,-0.019038728361180254,0.011911825703606145
DSC01113.JPG,109.14900201186538,36.73189585865475,83.80353416448054,-0.3652419937582659,-0.9306438678261942,-0.019374242895290245,0.011176582000884356
DSC01134.JPG,108.1845339126885,40.903676294256,83.80587420028462,-0.3651891613985405,-0.9306431427865907,-0.020874341815140997,0.010221498672526906
DSC01136.JPG,105.02227744460106,43.752629917580634,83.82544807304475,-0.36499664656679465,-0.9306961737660147,-0.022144417379784287,0.009576268125166102
DSC01139.JPG,99.78192504309118,47.886380603769794,83.83685989845799,-0.3651677944475889,-0.930629384301238,-0.02186942083205915,0.010156741891562111
DSC01142.JPG,95.61696100793779,51.057904155692086,83.86671098955651,-0.36523553668027137,-0.9306174360602818,-0.021490117416586255,0.009610686753977494
DSC01146.JPG,89.90483721904457,55.68148620775901,83.90138684542569,-0.36538001706490736,-0.9305702359749658,-0.02119082681448493,0.009350289089833045
