timestamp, p_x, p_y, p_z, q_x, q_y, q_z, q_w
_DSC3836.JPG,28.101758658885956,60.44032792118378,80.38362222604803,0.30718625409641137,0.9513555119491528,0.02064241245616675,0.011540623300771153
_DSC3837.JPG,29.812898328527808,59.03249625116587,80.46494381100047,0.30109048117800086,0.9533093143309881,0.01924528090824763,0.01324735885162535
_DSC3838.JPG,31.427952399477363,57.64445200981572,80.41868299812768,0.3015745051176269,0.953154604159774,0.019488853309149352,0.01301164973311846
_DSC3839.JPG,32.927702475339174,56.37456602673046,80.28153501042743,0.3009336792172408,0.9533567232935193,0.019333167863125004,0.013270549506159756
_DSC3840.JPG,34.41012982651591,55.12558939610608,80.19573165433701,0.30210255925068374,0.952965589509118,0.019998587260103354,0.013808888924372858
_DSC3841.JPG,35.778957046568394,53.85490959393792,80.25409706481992,0.3020064108128136,0.9529901919101413,0.020468734899629543,0.013522309072149708
_DSC3842.JPG,37.103985814377666,52.5837911227718,80.25949743657497,0.30206775098288396,0.9529488538654929,0.02103590770728662,0.01417908034804446
_DSC3844.JPG,39.751526080071926,50.27517429832369,80.27086133153955,0.3016949574211839,0.9530605950623695,0.021342900345577683,0.014146922309489798
_DSC3846.JPG,42.4644966609776,48.18344682408497,80.33664328929126,0.30355167926517396,0.9524336832702228,0.022509468370525844,0.014825006620068457
_DSC3848.JPG,45.20630781725049,46.05884615588002,80.49050518392266,0.3038154559298247,0.9523599449703697,0.021940947289821384,0.015009956236199821
_DSC3850.JPG,48.098692156374454,43.83757095923647,80.58456134088806,0.3052392015240626,0.9518959865713225,0.0221443239380665,0.01525416401140148
_DSC3852.JPG,50.799770321697,41.56005693296902,80.56201194497567,0.3048151755080194,0.9520177940500001,0.02249354986114734,0.015616299396192213
_DSC3854.JPG,53.512047877535224,39.464204544667155,80.45562126966684,0.3056035642503701,0.9517784497963878,0.021626310507803864,0.016017075715439862
_DSC3856.JPG,56.339941561222076,37.22470229398459,80.52813032022482,0.3046422898270325,0.9520934384447115,0.02158105860013226,0.015665810836547084
_DSC3863.JPG,60.26282322779298,38.27487540873699,80.20968559608411,0.3065062972203098,0.951544640621458,0.020174633300493044,0.014480015195647317
_DSC3864.JPG,58.5980466902256,39.54016421805136,80.22008771148853,0.306819863658005,0.9514441359014582,0.02037002893404619,0.014166490208842555
_DSC3865.JPG,56.98138177394867,40.71677549602464,80.23943889469012,0.3064200751945352,0.9515807397707683,0.020231035817457253,0.013839740057008068
_DSC3866.JPG,55.52086120657623,41.84966029645875,80.18710882017513,0.30528421240549203,0.9519555177961777,0.019880436917908688,0.013675160742105261
_DSC3868.JPG,52.74639343470335,44.13905676687136,80.10065541534539,0.30687085741239895,0.9514279759483455,0.02059576007735649,0.01381658860389253
_DSC3870.JPG,50.044706512242556,46.2603546353057,80.17941636228113,0.3064313907132683,0.9515668722450357,0.020837973315941876,0.013640722100231522
_DSC3872.JPG,47.226538226008415,48.42330151400529,80.24118396028598,0.30567614323148956,0.9518332390591702,0.019788410811239828,0.013564633383006203
_DSC3874.JPG,44.41296453028917,50.74789182585664,80.18648575982002,0.30733889251608754,0.95129168878694,0.02042555719855608,0.01302783961387897
_DSC3876.JPG,41.61681096628308,52.86356797488406,80.19211101610915,0.30866986797406754,0.9508565770047896,0.02078684405445606,0.012751066067665321
_DSC3878.JPG,38.95514712482691,55.06004380132072,80.32007385882127,0.30853342809381923,0.9509219857279059,0.020308205956594595,0.011919629977394923
_DSC3880.JPG,36.21720629185438,57.34328446723521,80.38560983926152,0.30822195496744487,0.9510291902103929,0.02035580923121603,0.011329027952702696
_DSC3882.JPG,33.328165005892515,59.58961855014786,80.41876813194722,0.3094117328071619,0.950626234591442,0.02129382372865215,0.010987027750013081
_DSC3884.JPG,30.51282591186464,61.85455264779739,80.56708255572744,0.3090214764902569,0.9507732235548477,0.020714300816417952,0.010340318205553553
_DSC3886.JPG,29.096119625493884,67.21494464064017,80.69379082736577,0.31740297812247587,0.9479494058743607,0.022897663879020057,0.011089200616511412
_DSC3887.JPG,30.688812946900725,65.9433980777394,80.78507644988622,0.31045948700478837,0.9502721056776162,0.02093910733132355,0.012624812233046968
_DSC3888.JPG,32.295545890927315,64.52985059143975,80.79509618366308,0.3119374942141388,0.9497630080456936,0.021713195624797305,0.013182009981768222
_DSC3889.JPG,33.74694326147437,63.068075279006734,80.75547682584329,0.30987890043854227,0.9504412248504629,0.021481275314408223,0.013232534852353907
_DSC3890.JPG,35.15839460864663,61.76940870261751,80.69226470102478,0.3092809599758564,0.9506410639138445,0.021003405940365243,0.01362763134483903
_DSC3892.JPG,38.01528290845454,59.62513224990107,80.7580766067382,0.30877843342003897,0.9507981189995818,0.0206778962966182,0.014534117319951424
_DSC3894.JPG,40.82664508186281,57.538353318115696,80.75511269198864,0.3092612352789126,0.9506508756031253,0.02042808873054436,0.01425111432797131
_DSC3896.JPG,43.472181379795074,55.30682358285412,80.65112596146434,0.3099123024751399,0.9504464550273597,0.0196599733515859,0.014811696334210107
_DSC3897.JPG,45.50116867572069,53.49069720110856,80.61193060962091,0.3089207279977315,0.9507299575641144,0.020957608860446248,0.015534163458056341
_DSC3899.JPG,47.71141719445586,51.74959985935129,80.6222309673825,0.30849435506295575,0.9508547100146537,0.021150143936849858,0.01610045802735485
_DSC3901.JPG,50.46914905682206,49.56988143734634,80.59621419895313,0.3096721532258985,0.9504673886996965,0.021288521616659065,0.01617712527592008
_DSC3903.JPG,53.340925296768546,47.493209935957566,80.61164517436339,0.3089623962835061,0.9506923061904986,0.02116852606312716,0.016681430911604934
_DSC3905.JPG,56.021844904869795,45.432641399558634,80.58021039596053,0.3102813582398849,0.9502944227299817,0.01970963476613621,0.016658906161219667
_DSC3907.JPG,58.79058790020645,43.31140295509249,80.59056725059895,0.31006701808871384,0.9503722410497124,0.01923885948654735,0.01676048989074434
_DSC3909.JPG,61.565929759293795,40.98011332866736,80.639968249439,0.3110056499595304,0.9500914650958627,0.01776468901648214,0.016914770746122982
_DSC3915.JPG,63.87493314035237,43.4505523017142,80.57797315341259,0.308968668889186,0.9507754060723916,0.01771278390958479,0.01583496570552675
_DSC3916.JPG,62.218469543382525,44.67118560965173,80.6537343402482,0.30991288921914534,0.9504948507432449,0.01709862579746241,0.014872014061876156
_DSC3917.JPG,60.578121699392796,45.71253340318799,80.6581000341206,0.31153130889936437,0.9499616202741057,0.017474812370987976,0.014689946025904867
_DSC3919.JPG,57.82034657523036,47.785451939096674,80.655094944236,0.3116471938424008,0.9499229107905505,0.01793732120517167,0.014168367349389567
_DSC3921.JPG,55.05947170034051,49.96797150396742,80.70394874314945,0.3099539579910607,0.9504806127937702,0.01776613831463078,0.014124905601122008
_DSC3923.JPG,52.34773336537182,52.29870528099127,80.70142445557929,0.3122421669298015,0.9497473270099663,0.01759246623807763,0.013241946989308289
_DSC3925.JPG,49.48695977590978,54.422906355466694,80.68289698907654,0.31232291099041626,0.9497322430868832,0.017291396372593252,0.012809110941649927
_DSC3927.JPG,46.76232981868088,56.54103819304146,80.73058225806062,0.31301433407190515,0.9494948985615558,0.01799864726501859,0.01255041703420819
_DSC3929.JPG,43.96777583286166,58.81056400039233,80.75438402040595,0.3130176145635026,0.9494925542256337,0.018298113715880176,0.012208254481991417
_DSC3931.JPG,41.17376165278256,60.95190914324485,80.65382718988542,0.31244649781900324,0.9496886249452396,0.018314018537237915,0.011545491556321156
_DSC3933.JPG,38.38183058053255,63.15044212597422,80.62694916596354,0.3110930367232851,0.9501224608025267,0.019017371972561075,0.011259287015315967
_DSC3935.JPG,35.58623302169144,65.38712109671906,80.70020921476441,0.31363061544465104,0.949284892847056,0.019446555911751855,0.010763862286984617
_DSC3937.JPG,32.863291243091226,67.55715292529203,80.76769696759072,0.31325189996932257,0.9494154849153716,0.019570602374517732,0.010023756342692385
_DSC3938.JPG,31.43857328593731,68.75675034709275,80.81582887366176,0.3143243114095967,0.9490683813961003,0.01918318837071742,0.010071741408661405
_DSC3940.JPG,28.676163591444492,70.95175362774171,80.88706451296218,0.3114951104351742,0.9500046179221204,0.019073287687625864,0.009911195609499927
_DSC3950.JPG,30.367622900754213,73.41609809314832,80.82518438805005,0.3128864237584477,0.9494616306960262,0.02160362357362764,0.012569053750403446
_DSC3952.JPG,33.014327792450786,70.98073261068203,80.74910442262387,0.31095424277105094,0.9500968948831017,0.021665531500798065,0.012407819347427138
_DSC3954.JPG,35.52525412105024,68.85198872187175,80.71815686018942,0.31281152152383307,0.9494577094860628,0.02276772314484841,0.012674410527642298
_DSC3956.JPG,38.224063565954566,66.68641197192483,80.64861874270639,0.3134367704613794,0.9492488525926834,0.022835542974381576,0.012749303952735765
_DSC3958.JPG,41.021316235885024,64.64068418228999,80.59109943409089,0.3139317291167812,0.9490870628475758,0.02228301123937209,0.013567755865147881
_DSC3960.JPG,43.85694744437933,62.58741279412061,80.56810550285127,0.3133291591223806,0.9493042085333173,0.021256412813660114,0.013947136583871448
_DSC3962.JPG,46.579851204529405,60.40890046884306,80.5140068214763,0.31346915299729977,0.949269718144983,0.020322585673881306,0.014528759190928747
_DSC3964.JPG,49.30108892172575,58.232768177753314,80.49785854531729,0.31360219385541893,0.949219037744385,0.02019836320091522,0.015129722955010406
_DSC3965.JPG,50.71998289041221,57.048083561239764,80.55527784746744,0.3137038971796036,0.949179188426895,0.01998337988391896,0.0157923297839312
_DSC3966.JPG,52.164176942780614,55.83956159441732,80.59781421603691,0.3132659398290905,0.9493368354167033,0.01947523752941538,0.015644135871588548
_DSC3967.JPG,53.55695685558021,54.536615235265344,80.5705365136181,0.3143720832781809,0.9489360613457529,0.020774392739223126,0.01609252432848157
_DSC3968.JPG,54.95642896741629,53.31199544481933,80.53466408292968,0.31357415803357813,0.9491809318597519,0.021334638080490523,0.01648148128537726
_DSC3970.JPG,57.64189608208835,50.96894772630185,80.503631556708,0.3134869201867403,0.9492054626449129,0.02134449895816663,0.016713854166949184
_DSC3972.JPG,60.41646038554609,48.959472151938826,80.51756588561534,0.31569151417210795,0.9484396755962187,0.021817022249957237,0.018029619374963175
_DSC3974.JPG,63.24893753044307,46.68892764276825,80.5168123152406,0.31452829468774846,0.9488214548542735,0.02148119403448976,0.018664322968953623
_DSC3975.JPG,64.72636761702597,45.542747863568366,80.51723142851176,0.314706476113496,0.9487549178556438,0.02178731138970266,0.018688306487317227
_DSC3981.JPG,67.48079762794077,47.45126343308948,80.7123803578902,0.3130089324828843,0.9493640955776487,0.021180020995916697,0.016870949130714706
_DSC3982.JPG,65.01415253989398,49.35643575247377,80.765408954328,0.31318591349763475,0.9493386870985498,0.020452748102417317,0.01588476816678885
_DSC3984.JPG,62.85774419270456,50.96378278895281,80.7709401302908,0.31343944216858804,0.9492518198846825,0.020791318900526202,0.015633924556549477
_DSC3986.JPG,60.15452245995402,53.14891359815374,80.79992379670716,0.31274017739392573,0.9495082234838208,0.020070643905646137,0.014996140617747183
_DSC3988.JPG,57.40911422856152,55.412701587192714,80.71939755266806,0.313135654298641,0.9493715778783477,0.020468532320177493,0.014856254857675551
_DSC3990.JPG,54.66359899751842,57.6919920577202,80.69940361740123,0.31264829247840215,0.949550016559345,0.0200492413284218,0.014277226083575796
_DSC3992.JPG,51.83530733175576,59.854204340605065,80.62694005138712,0.3140958264367673,0.9490838187801693,0.019823081219109747,0.013811668821524457
_DSC3994.JPG,49.05572153441608,61.87959807482548,80.59694677174059,0.31311083402346657,0.9494161346131323,0.019800034388802377,0.013362918528139799
_DSC3996.JPG,46.23825757205486,64.14897057693452,80.61377499449179,0.31410778132454076,0.9490918494125722,0.01975748854397482,0.013061574806727698
_DSC3998.JPG,43.33603800274432,66.24478370067663,80.69460027921139,0.3141938314245928,0.9490591021122844,0.02012002801136195,0.01281567264643119
_DSC4000.JPG,40.6012752763927,68.51347240107134,80.76580316863544,0.3137490758566163,0.9492188839800735,0.019954148036837684,0.012118567195329557
_DSC4002.JPG,37.90386956743896,70.82284504943527,80.7543431393201,0.3140770275511484,0.9491043524030737,0.02032190023699376,0.011982044271945793
_DSC4004.JPG,35.1631644628942,73.13449005573057,80.68585084087545,0.3128892318073031,0.9495079516909781,0.020137894247677646,0.011377324373878776
_DSC4006.JPG,32.302895341068506,75.37810598872602,80.6961129045493,0.31355083160606523,0.949292582200661,0.020156795198465128,0.011098332544712528
_DSC4016.JPG,34.09691924788058,77.80953531502746,80.5745542747128,0.3144939530681079,0.9489399989953382,0.021311229135456727,0.012339501734592214
_DSC4017.JPG,35.464127235114574,76.52923969528638,80.52060655932064,0.3133617965306463,0.9493215091073217,0.02105390016744864,0.012238876951022087
_DSC4019.JPG,38.14734201878309,74.30349917407148,80.60301313316097,0.3138211587405679,0.9491591678808178,0.021139207478338286,0.012895280598287873
_DSC4021.JPG,40.83747116290033,72.2626026046928,80.63195613489825,0.3153827077873318,0.9486359988440816,0.021073562852041358,0.013393814786802584
_DSC4023.JPG,43.60857285000384,70.07163278292865,80.55489694178777,0.31522803086084167,0.9486841487138806,0.02082544371918935,0.013999122562318946
_DSC4025.JPG,46.38064461760223,67.79350237967446,80.58974878579147,0.31418577673883064,0.9489976432093941,0.021817388197799648,0.014655116862728182
_DSC4027.JPG,49.21295655332506,65.530519497348,80.51391555258988,0.31494878989233915,0.9487594400517334,0.021100337684267164,0.014749929073813544
_DSC4029.JPG,51.87460425309837,63.37068112194538,80.32133541253233,0.31555534294554793,0.9485263247289085,0.021830028755931454,0.015687150133219804
_DSC4031.JPG,54.66888916119933,61.181918694172055,80.20635308893918,0.31471561714200347,0.9488102583104344,0.021319052641284978,0.016083284686059265
_DSC4033.JPG,57.46297429315746,58.99461133219302,80.23209110892105,0.31610309791352836,0.948366923992279,0.020446310335117457,0.01615417471038594
_DSC4035.JPG,60.148694382980466,56.836914524436,80.37788081123676,0.3152845215277303,0.948626258295729,0.020213011237591574,0.017185072987449174
_DSC4037.JPG,62.77620499394834,54.59219667548314,80.29869840199501,0.3165487751489239,0.9482437208456653,0.019206871304667476,0.01618069600386915
_DSC4039.JPG,65.65444324351847,52.3077027942054,80.40964933931104,0.31525749452754537,0.9486500983386006,0.019503739700364328,0.017184504766733198
_DSC4040.JPG,67.96309883147478,50.62846359331161,80.5115561644227,0.315002600369826,0.9487371714980294,0.019251659115753775,0.017335362686080897
_DSC4048.JPG,70.45628372952342,52.64772166428156,80.45164976691683,0.31531381850369267,0.948654970985214,0.01971257931202504,0.015567790547476467
_DSC4050.JPG,68.05539321154356,54.42323775566183,80.42309262773085,0.3154547077172907,0.9486179908155213,0.01943041254040795,0.015319724169584683
_DSC4051.JPG,66.5413165744394,55.65217931265943,80.38493103560495,0.3150185082105266,0.9487825717477506,0.018893669580645023,0.014764832620681258
_DSC4053.JPG,63.083592023700476,58.40731113939546,80.34075179083254,0.31555207607324787,0.9486019901756172,0.019275672728859786,0.014477567529499318
_DSC4055.JPG,60.88212249800563,60.129354105563834,80.31244587980427,0.315066758166886,0.948772815486284,0.019024562950351764,0.014182682996771006
_DSC4057.JPG,58.26154055260122,62.25240759504959,80.28735991832627,0.3154607145798961,0.948641915170829,0.01933905921536487,0.013749731867502654
_DSC4059.JPG,55.53181201405823,64.44836401171051,80.32204708741767,0.3149809757518088,0.9488059944969485,0.019282352302677927,0.013504096073792625
_DSC4060.JPG,54.104736890643835,65.61235624551773,80.31092674480362,0.3160023487842766,0.9484617485549417,0.01950841911674879,0.013499950906885562
_DSC4062.JPG,51.30309182219207,67.89503553602844,80.22664477122134,0.3159007613629768,0.9485000201312307,0.019526494245682667,0.013158145911175062
_DSC4064.JPG,48.51930067688227,70.17081389157102,80.24922093096495,0.3159313167887374,0.9485027539776121,0.019229097236668883,0.012655851946148237
_DSC4066.JPG,45.81438695266843,72.36148654296994,80.31943881960785,0.3153208235111662,0.9486976836661476,0.01979631788365578,0.012393105542018078
_DSC4068.JPG,42.276822086423635,75.27221649582498,80.29297403038493,0.31779201375068206,0.9478623294341876,0.020416064045547116,0.012182970276970795
_DSC4070.JPG,40.19518884643912,76.80554004805163,80.3252502699903,0.31522965168054196,0.9487235496907787,0.020394129487015352,0.011746167288101081
_DSC4071.JPG,38.71809285879135,77.97806860995479,80.3170265823153,0.3155720485029811,0.9486137854096812,0.020214810000873634,0.011727309622232658
_DSC4072.JPG,36.5082348510623,79.6761718953494,80.30892936239957,0.31481205195098805,0.9488671424693543,0.02020963329177633,0.011665702321888242
_DSC4083.JPG,37.55201179347932,82.86337940883823,80.38291206335782,0.31710999420807573,0.9480286522029969,0.021382491252377324,0.015023822528393647
_DSC4084.JPG,38.97046113945544,81.54278614348732,80.4205492010002,0.3163342821679614,0.9483010968586743,0.021370468889765192,0.014175848523032435
_DSC4085.JPG,40.36523330397904,80.3075295726303,80.33340128436203,0.31786115958868444,0.9477773728757255,0.021630450349137586,0.014644395085407961
_DSC4087.JPG,42.9338390044868,78.13203430175781,80.31888600045613,0.3149752659413173,0.948725620727874,0.0220029422060975,0.015038249698079483
_DSC4089.JPG,45.804779490455985,76.02771977847442,80.30359153405163,0.31612897447324134,0.9483341064484286,0.02220865240635257,0.015220703119473931
_DSC4091.JPG,48.605113722383976,73.76503302389756,80.34850505108,0.31622794410739885,0.9483017018393587,0.02193275153485258,0.015579604112237275
_DSC4093.JPG,51.38270077109337,71.51678771828301,80.34049435976544,0.3172620795439128,0.9479541797529054,0.021687702388825083,0.016040247428311588
_DSC4095.JPG,54.12082270719111,69.2974604559131,80.27169430158972,0.3171849693727629,0.9479680391337975,0.02246176222977293,0.015676773340052873
_DSC4097.JPG,56.99409340694547,67.0492286987137,80.35417977574014,0.3151404408161593,0.948653653435334,0.022122250116985168,0.015917111413536758
_DSC4099.JPG,59.88043660670519,64.90593749820255,80.40468455759287,0.315916150102303,0.9483872438462947,0.022226886373064764,0.01626614079390541
_DSC4101.JPG,62.7736414372921,62.862210623919964,80.31392606417148,0.31674109816110496,0.9481198670987907,0.021274669772811988,0.017064078478693782
_DSC4103.JPG,65.56896386668086,60.590692607918754,80.22558913535966,0.3169902862685372,0.9480479140025384,0.02053932678971742,0.01733341345065633
_DSC4105.JPG,68.9898116197437,57.74396451283246,80.16258264058706,0.3169333384907867,0.9480700702052234,0.01985045531923044,0.017954396613835293
_DSC4107.JPG,71.09489687345922,56.02695419290103,80.18787491361775,0.31797540453180617,0.9477138011201129,0.020084867229319892,0.018077372255981133
_DSC4114.JPG,74.87685899063945,56.739828296005726,79.9364891376664,0.3170187804476769,0.9480577943868904,0.020299373406623387,0.01653622644473684
_DSC4115.JPG,73.18452570773661,57.92287307884544,79.93275966895487,0.31606718738804873,0.9483818127365704,0.02035690172132505,0.016095554647589855
_DSC4116.JPG,71.68417718447745,59.082616767147556,79.9176237916189,0.31665532603901264,0.9481956929850951,0.02002181885771739,0.015920397773628362
_DSC4117.JPG,70.16749831289053,60.21015328471549,79.92312959838137,0.3173384847045648,0.9479631293367436,0.02056732142145597,0.015465342965647092
_DSC4119.JPG,67.32988237589598,62.32714710221626,79.94006746768366,0.3172066200501446,0.9480272747436087,0.019813511729759977,0.015220752001928697
_DSC4121.JPG,64.49149732664227,64.50786884245463,79.87598420515633,0.3164500951107828,0.9482844394942137,0.01992329045762945,0.014799378867434317
_DSC4123.JPG,61.76013104058802,66.7444667101372,79.83987941597081,0.31686404628607656,0.948137234465384,0.020676281841422745,0.014333602504706295
_DSC4125.JPG,59.10189483128488,69.08668413734995,79.9331523050015,0.31720304300643765,0.9480264236708962,0.020854633409060002,0.01390013649572065
_DSC4127.JPG,56.3249953109771,71.39405271341093,79.90087515496066,0.3184415885868717,0.9476096773730673,0.0208517102443854,0.014002149373037573
_DSC4128.JPG,54.82335929386318,72.49672610452399,79.95008105635054,0.31671235586599905,0.9482191737446737,0.020079730901244756,0.01305705141715125
_DSC4130.JPG,52.05118649452925,74.63571519474499,80.00671499423277,0.31544712763850935,0.9486248898686659,0.020993731565310845,0.012774631941437556
_DSC4132.JPG,49.32943696528673,76.85583624383435,79.97660700662959,0.31537021303455703,0.9486569142580684,0.020991530776457046,0.012289971381538124
_DSC4134.JPG,46.4837502669543,79.16300851129927,80.02343234648424,0.3171372104669282,0.9480720667518783,0.02095721147774848,0.012005884771838057
_DSC4136.JPG,43.66673215664923,81.50825041020289,80.1060798149814,0.3165540981440472,0.9482654481504376,0.021125469395959957,0.011826129335450335
_DSC4138.JPG,41.01714773289859,83.79469900066033,80.11607304687016,0.3175240093868457,0.9479238971487949,0.021851986524865797,0.011886099530954021
_DSC4149.JPG,41.30570546910167,87.38865488604642,80.08801473360222,0.31863548542742287,0.9474954704772443,0.0228412747292405,0.014213972712763754
_DSC4151.JPG,44.008163426071405,85.10458724200726,79.99102154208038,0.31821011076272043,0.9476263022543556,0.022967525713612172,0.01480572344428515
_DSC4153.JPG,46.757325146347284,82.85806172527373,79.99074898887295,0.3173906774194284,0.9478819616733007,0.023305032310270587,0.01548612574625786
_DSC4155.JPG,49.43956682831049,80.77772354497574,79.83995419646521,0.31777523735212476,0.9477444197457988,0.023695532872340323,0.015425144679895475
_DSC4156.JPG,50.94019207730889,79.66297560418025,79.84092534572392,0.31808416461270006,0.947644867196062,0.023228325164635206,0.015878123618505668
_DSC4158.JPG,53.82968308404088,77.50893506477587,79.89187832767152,0.3184852951928417,0.9475289860141151,0.02235971007956497,0.015999399180899352
_DSC4160.JPG,56.508267026394606,75.30883048684336,79.98423708826851,0.3180133282634624,0.9476741469295339,0.022579232023867458,0.016474603770275868
_DSC4162.JPG,59.40181322582066,73.16836839285679,79.94923572419361,0.3178886445086929,0.9477012004218928,0.02278614844670071,0.017030438934277668
_DSC4164.JPG,62.16312952898443,71.01233288855292,79.8436577785576,0.3175452506293723,0.9478394028869813,0.021896522116393508,0.0169121984610583
_DSC4166.JPG,64.9421436265111,68.84497634321451,79.67864263171089,0.318527354849314,0.9475132968260921,0.021299102722038218,0.017470683263277106
_DSC4168.JPG,67.6770203281194,66.55800495273434,79.68626201355687,0.3180052746310771,0.9476754709853293,0.02165997901327476,0.01773956901088905
_DSC4170.JPG,70.4372072070837,64.24146531801671,79.73459666918541,0.318633168136287,0.9474527298297452,0.021851389906298,0.018131344703559208
_DSC4172.JPG,73.20742799900472,61.94991384539753,79.68823457662234,0.32016411074276246,0.9469377074449772,0.02176151466283268,0.0181757225640653
_DSC4174.JPG,75.91111042909324,59.61883979476988,79.64001609105264,0.3183199560746019,0.9475782519293899,0.020951708545451996,0.018135267964154305
_DSC4180.JPG,78.34238601662219,61.738632436143234,79.6689393729539,0.3169583799469346,0.9480614524085913,0.020694036177104243,0.016988958326757068
_DSC4181.JPG,76.71783164702356,62.92425852967426,79.74254006481146,0.317403006618251,0.9479391987789187,0.02005112324086975,0.01626527789048013
_DSC4182.JPG,75.13473545014858,64.10111813736148,79.7903327591273,0.31682654347299866,0.9481365138224586,0.020041545837925258,0.016013399013749534
_DSC4184.JPG,72.35953379049897,66.28351230663247,79.75486361478738,0.31665458702386007,0.9481981149203211,0.020169578126763302,0.015601137666430736
_DSC4186.JPG,69.6834202632308,68.47116171801463,79.77652129768035,0.31803749691108246,0.9477348476426501,0.020760390068703304,0.014826170324495238
_DSC4188.JPG,66.99826399981976,70.74028686666861,79.74413457727405,0.317890908114098,0.9477839276833562,0.02127414601338872,0.014085725927527474
_DSC4190.JPG,64.24789342097938,72.89698762097396,79.72365727466979,0.31469826221974845,0.9488654995021021,0.020724877359000568,0.013774870923205434
_DSC4192.JPG,61.31681041046977,75.06258493056521,79.65023914182211,0.31637122555467234,0.9483261605413058,0.02041279709741574,0.01304065139015977
_DSC4194.JPG,58.469409657642245,77.20523142721504,79.65481707086894,0.3169691272963608,0.9481335238659281,0.020504929721815758,0.012366936551312033
_DSC4196.JPG,55.559875102713704,79.39720949158072,79.6580069230564,0.3170993421489445,0.9480967385313249,0.020494585367663666,0.011855528903367465
_DSC4198.JPG,52.72828825004399,81.514149523573,79.6602946192163,0.317875810879402,0.9478330990218666,0.020839051473041978,0.011537728982357883
_DSC4200.JPG,49.87529163621366,83.72393011162058,79.66453499747195,0.31743191413950766,0.9479754698536215,0.021128017568836012,0.011536694290135974
_DSC4201.JPG,48.41215889714658,84.92617879109457,79.61181649266132,0.31606313406492564,0.9484383493704817,0.020977753014741994,0.011345774848197293
_DSC4202.JPG,46.996131690219045,86.0978410069365,79.62937663642958,0.31746781254418927,0.9479608556406764,0.02139712578235441,0.01125020798290016
_DSC4204.JPG,44.20878617465496,88.36591449240223,79.6866059006934,0.31504259501619947,0.9487802368468929,0.021195160257964026,0.01072337054527941
_DSC4216.JPG,44.57399940490723,91.85153911053203,79.92279479221634,0.3178718789002423,0.9477485640077958,0.023768229017936616,0.01285298856068876
_DSC4218.JPG,47.112863993272185,89.52664149668999,79.95699118353718,0.3155007818385996,0.9485625463537931,0.0226641655836105,0.013216955490535696
_DSC4220.JPG,49.90244464762509,87.27975390013307,79.96463337026921,0.3167382298819722,0.9481506847933121,0.02236120130263572,0.013680253415437842
_DSC4222.JPG,52.76910190097988,85.22044637566432,79.87437286456031,0.31825204975534654,0.9476125430010995,0.023140796055935206,0.014512226962406425
_DSC4224.JPG,55.38752971030772,83.01643075351603,79.88320154290625,0.3177354243556997,0.9477625034208391,0.023640299312616856,0.015217538151004496
_DSC4226.JPG,58.129214437678456,80.77225627959706,79.8636102904826,0.31706544084246135,0.9479847038330286,0.023337541502020144,0.0158071717464668
_DSC4227.JPG,59.590051751583815,79.58285469585098,79.88790967138902,0.3178698824613403,0.9477096137438121,0.023572480428622908,0.01579759500717249
_DSC4229.JPG,62.51658328808844,77.37305008806288,79.90052759293337,0.3173241990153223,0.9479110843358262,0.022698821862795964,0.015959085143073728
_DSC4230.JPG,63.978897204622626,76.24387564021163,79.86827302049221,0.3155066066800749,0.948499282228844,0.023198073782764988,0.01632611789009604
_DSC4231.JPG,65.60344217531383,75.03832349879667,79.87979182939705,0.3180523715697285,0.947649220521968,0.02316864791717759,0.016335774749553673
_DSC4232.JPG,67.08555806614459,73.86285682604648,79.93610901206284,0.31608916212979526,0.9483130379212222,0.02331091386145255,0.015704298381355595
_DSC4234.JPG,69.68472780287266,71.68423188384622,79.89920678659655,0.31753038283183677,0.9478190961215461,0.023188668043727233,0.016604297045039147
_DSC4236.JPG,72.22688850201666,69.36230068723671,79.83170145554584,0.31830850008402317,0.9475585574243882,0.022831459388508713,0.017064685413527424
_DSC4238.JPG,75.650525175035,66.64329388877377,79.73598155800937,0.3165776386247548,0.9481716093277381,0.021434567303053965,0.017022259313974886
_DSC4240.JPG,77.72944038175046,65.0768322350923,79.73159978058118,0.31885106935156315,0.947388279188173,0.02208794357366022,0.017365678187865753
_DSC4247.JPG,81.87376571632922,66.19907981413417,79.82171051125385,0.3155101462914019,0.9485125401038631,0.02149431553388619,0.017756780469020135
_DSC4248.JPG,80.23689587041736,67.458997908514,79.84300662089083,0.31286245610463803,0.9494097066156265,0.02112592784425543,0.01708764808047798
_DSC4249.JPG,78.55714149028063,68.57316209678538,79.88091586377118,0.3153577486147247,0.9485865847865247,0.021169579317282132,0.01687692102307675
_DSC4251.JPG,75.74313925765455,70.60105341509916,79.87702291686765,0.3194624817892869,0.947227838114953,0.021217012833688608,0.015905464328852755
_DSC4253.JPG,73.09172867424786,72.73962661833502,79.81629108662264,0.3175976740810207,0.9478580136311895,0.021415830175161594,0.015435855381864743
_DSC4255.JPG,70.37900538370013,75.01997127127834,79.75933650910588,0.3181903811571335,0.9476728709844797,0.02131557904455903,0.014719274068601552
_DSC4257.JPG,67.587676897645,77.28321112995036,79.7346951505258,0.3183022294347494,0.9476457576227127,0.021117560567980198,0.014326808165131733
_DSC4259.JPG,64.80745613016188,79.5581398284994,79.73706210578757,0.31835005376209957,0.9476327335509567,0.02137730653578353,0.013727940037928371
_DSC4261.JPG,62.04587545059621,81.69236513483338,79.72967600052459,0.3143352257591389,0.9489666168377668,0.021538326704993394,0.013850142857855413
_DSC4263.JPG,59.33736824989319,83.97774889017455,79.73885054932259,0.3166961557787856,0.9481812617500966,0.021787698020455316,0.013458677345989009
_DSC4265.JPG,56.53150822594762,86.16935231327079,79.7574654107068,0.31449825826411176,0.948928727171346,0.021317685981438867,0.013064170934511166
_DSC4267.JPG,53.79288794286549,88.3689024397172,79.78522132940566,0.3119063955809895,0.949789194402038,0.021232012959653525,0.012809692364937859
_DSC4269.JPG,51.011032136157155,90.4671001911629,79.9904670317344,0.3158296727270368,0.9484958412722143,0.021451162817515607,0.01212866555825033
_DSC4271.JPG,48.22037347406149,92.648244144395,80.06541001917958,0.3163590311788641,0.9483281671141911,0.021498168679222288,0.01133488389217229
