timestamp, p_x, p_y, p_z, q_x, q_y, q_z, q_w
DSC00680.JPG,89.13859861344099,9.430427513318136,83.80694427557114,-0.3103005177445623,-0.9500311589015517,-0.033828649403675894,0.0031635870708222238
DSC00683.JPG,85.11819487065077,12.569724080618471,83.83180944594767,-0.31305161650056235,-0.9490934113330263,-0.03474967570996727,0.0035835748458603964
DSC00685.JPG,81.80796081759036,14.96931215771474,83.81066989515341,-0.31296545518698804,-0.9490840900574607,-0.03589026659496026,0.001975505795049656
DSC00687.JPG,78.68979575298727,17.538070788839832,83.86689011165947,-0.3133987549685487,-0.9489844172634532,-0.034674414120557,0.002735174711693426
DSC00689.JPG,75.49768547341228,19.947453281842172,83.80880623782082,-0.3133734567449,-0.9489657256372601,-0.03546873902508516,0.0017597515366158062
DSC00691.JPG,72.56097672320902,22.33996309619397,83.91709055568413,-0.31343761633564104,-0.9489759071818117,-0.03462238514708522,0.0016966735148494015
DSC00693.JPG,69.57829397358,24.80978602054529,83.8855933904689,-0.31366909283291594,-0.948937181566789,-0.03355502081622616,0.001996551897002615
DSC00697.JPG,63.78963338769972,29.326320647494867,83.87581409494248,-0.313681741232536,-0.948913332342301,-0.03416136746433813,0.0005038782785843097
DSC00711.JPG,60.97937585413456,35.06063608452678,83.99434012060385,-0.3149324498835115,-0.9486824836403658,-0.02859055663642855,0.0012951121713479297
DSC00715.JPG,67.39076378382742,30.26709288917482,83.92078796864416,-0.31530120888987007,-0.948563599829744,-0.028443818096221058,0.001787166117763075
DSC00719.JPG,72.99190226942301,25.71374215465039,83.86316141283442,-0.3154085866248392,-0.9485133913656782,-0.028899608703699904,0.0021406774800638685
DSC00721.JPG,75.87824778072536,23.306309312349185,83.86520867870559,-0.3153311921240658,-0.9485127503917807,-0.029710724478650797,0.0026597873577744826
DSC00730.JPG,88.54971485026181,13.055659322533756,83.93454252540346,-0.3159242758358962,-0.9481702230167381,-0.03393022039805371,0.0037175617940949438
DSC00735.JPG,96.08210353925824,10.721847255947068,84.12425356242238,-0.3156942930041034,-0.9482818938891667,-0.03279979813736071,0.00476826265663923
DSC00738.JPG,92.40586564876139,13.961799920303747,83.90999878987532,-0.3150160193814717,-0.9485502040937189,-0.03157986786115568,0.0044866237516051665
DSC00740.JPG,88.70427612774074,16.76756323268637,83.79761434153511,-0.3150617043603194,-0.9485092311879155,-0.03251114299250601,0.0030637196675212877
DSC00742.JPG,85.65399564988911,19.006568401586264,83.82291370674125,-0.31490767193098207,-0.9485581135298281,-0.032655555843036206,0.0020683540133739618
DSC00744.JPG,82.71615726687014,21.294538515852764,83.84852966064102,-0.31500245670544497,-0.94850631368092,-0.03325629919024703,0.0018010389045457545
DSC00746.JPG,79.7503234706819,23.830500304466113,83.9802370479656,-0.31502718578946487,-0.9485392927761973,-0.03209893063197509,0.0008607702858497682
DSC00751.JPG,72.22808273136616,29.68700390146114,83.85960721342724,0.314916920871689,0.9485315300152035,0.03331788051292353,0.0022777958288645616
DSC00755.JPG,66.19475053437054,34.6818118582014,84.00176748412923,0.3146075723388734,0.9486388800240063,0.033136383135887126,0.0028863205835917755
DSC00768.JPG,64.32540629245341,39.69443612755276,83.86103416860954,-0.31591316186308044,-0.9483788730203918,-0.027853729419326564,0.000746409859351423
DSC00772.JPG,71.07931848242879,34.318311646115035,83.9488224222365,-0.3161452976849801,-0.9482795436053493,-0.028572426493494524,0.0012939766532024308
DSC00776.JPG,76.5425071939826,29.945100601529703,83.83659892631078,-0.3163868655848866,-0.9481762133388096,-0.02931005567398349,0.0014630038397895025
DSC00778.JPG,79.52522632479668,27.742034903727472,83.82493563869718,-0.3164374615705944,-0.9481998880351268,-0.027937816023464172,0.0019451685711579412
DSC00792.JPG,99.59707561507821,11.348986236844212,83.80859551524497,-0.3166729811015576,-0.9480207822657674,-0.031208454029772823,0.0009229461125945558
DSC00802.JPG,100.26017149351537,14.7068373975344,83.92974995097688,-0.31501407615179006,-0.9485858184795779,-0.03058887608374646,0.003923960447967509
DSC00804.JPG,96.8917784653604,17.27558536385186,83.81021818437046,-0.31515836475237985,-0.9485348855135463,-0.03081013873521996,0.002740700918833497
DSC00806.JPG,93.8227343056351,19.808602845296264,83.81134742350093,-0.3149119109755734,-0.9486634591822863,-0.029385179785685295,0.0021542393029307196
DSC00808.JPG,90.6599420234561,22.064801587956026,83.91235740976902,-0.3150097390799554,-0.9486025637288682,-0.030297696751425806,0.002022360837095489
DSC00810.JPG,87.93326609395444,24.263318428304046,83.966997365505,-0.31497413236961214,-0.9485942332689021,-0.030955908384118686,0.0014171390573252986
DSC00812.JPG,85.14113509654999,26.64072662522085,84.02157111022007,-0.3147183392969096,-0.9486948481620497,-0.030491634226054356,0.0008439331760526674
DSC00818.JPG,76.06911879964173,33.77035032585263,83.98797713666261,0.3146564045758456,0.9486960035467942,0.031082274952956283,0.0010640007008985784
DSC00822.JPG,70.06196783669293,38.656505486462265,83.98801845367166,0.31450622385097565,0.9487422311337225,0.03113147080656621,0.002201260508457398
DSC00834.JPG,67.7241406030953,44.05079299840145,83.92992999134799,0.31624225487841906,0.9483750992067765,0.023970552509150436,0.0009591904689827065
DSC00838.JPG,74.28988972865045,39.019212265033275,83.89956575688848,-0.31619862902657225,-0.9483635510954109,-0.024999732948429613,0.00012372519987909376
DSC00842.JPG,80.16597338952124,34.349801011849195,83.97958656144795,-0.31621779737718975,-0.9483317003837962,-0.025936401337545295,0.0007705548350258111
DSC00844.JPG,83.0763799957931,31.818237565923482,83.93121125323239,-0.31637503843744685,-0.948227668011931,-0.027766116514131516,0.00040919931980688395
DSC00866.JPG,105.29529111087322,18.007786309812218,83.81311618557618,-0.31557560004423424,-0.9484702974580168,-0.028301246004577695,0.0038955065410199727
DSC00868.JPG,101.80372484773397,20.819399039261043,83.89740387944994,-0.31572726971988196,-0.9484320093947832,-0.027954079669965697,0.0034035482085791606
DSC00870.JPG,98.60037388838828,23.241821468342096,83.94326428210775,-0.315799400149582,-0.9484370060656484,-0.026921041286136073,0.0036389457901777763
DSC00872.JPG,95.79017443954945,25.47294155601412,83.93096464558073,-0.31587681888990604,-0.9484058212463405,-0.027060647778760567,0.003994352994146557
DSC00874.JPG,92.96143252402544,27.55999354016967,83.90981459318459,-0.3159349592647394,-0.9483425107974108,-0.028691031210935393,0.0028997339367423138
DSC00876.JPG,90.13992621190846,29.799509489210322,83.98901215270439,-0.3160612991348131,-0.9483385841036294,-0.027351752943560997,0.0033266650646168127
DSC00878.JPG,87.32449834048748,32.173783883219585,83.99247892375263,-0.31595202609709205,-0.9483403366914935,-0.028573364659543604,0.0029130466937396546
DSC00883.JPG,78.9436428528279,38.65778052667156,83.97373457277376,-0.31605778603675894,-0.9482620559169219,-0.03009471602210234,0.0009258840661778745
DSC00886.JPG,73.67264837771654,42.8050278078299,83.91170309777351,0.3157230443345006,0.9483436312546113,0.031037205997129624,9.043707612672233e-05
DSC00900.JPG,71.63995108380914,48.38790347566828,83.9392923100894,-0.31709581947204757,-0.9480732923339675,-0.024607867132212406,0.0013139678781476532
DSC00904.JPG,77.75592298060656,43.420985222561285,83.95415969622877,-0.31711519300045754,-0.948031294110645,-0.02590921371338505,0.0018254862181204018
DSC00908.JPG,83.4359707608819,38.67914016894065,83.9531828719837,-0.3170417709012958,-0.9480318408725422,-0.026767419443595588,0.0019103538729233253
DSC00910.JPG,86.16134007275105,36.313988119829446,83.95361977784717,-0.31691408175802455,-0.948018219208225,-0.02866845225170642,0.002245145479778651
DSC00933.JPG,107.05296149477363,23.674479076638818,83.78631694159026,-0.3147064977555768,-0.948702911253874,-0.029987508717524793,0.00483278074808427
DSC00935.JPG,103.5185332018882,26.1243483168073,83.78706040873658,-0.3147435973074951,-0.9486730523402621,-0.030589231373760763,0.0044951797861955715
DSC00937.JPG,100.61676574498415,28.413738757604733,83.83407174062256,-0.31484107546960516,-0.9486434452636326,-0.030458350952115045,0.0047958120026808295
DSC00940.JPG,96.66616810671985,31.72405830468051,83.90593384249053,-0.3149766527940042,-0.9485903440994163,-0.03080036533563189,0.004171902590875237
DSC00942.JPG,93.6750695053488,34.03080579615198,83.93607760317832,-0.3149760578192853,-0.9485647231630578,-0.03167955264797527,0.003384511078109511
DSC00944.JPG,90.68926465138793,36.32333921873942,83.92214794962865,-0.3148808706390208,-0.9485911109077173,-0.03180543663601008,0.0036545605574130778
DSC00949.JPG,83.3358112424612,42.36756909871474,83.84804515683663,-0.3151027136464714,-0.9485491695267845,-0.03082282344669099,0.003834892104388086
DSC00953.JPG,77.21341806836426,47.10966119682416,83.79527948056841,-0.31535062215571485,-0.9484308647804816,-0.03205007347153255,0.0023817279905389032
DSC00967.JPG,74.37246043235064,53.06700164778158,83.9614700740691,0.31711307892264096,0.9480536389260845,0.025168869354405113,0.00034772206285202476
DSC00971.JPG,80.71051329933107,47.76399655081332,83.96208975110062,-0.31687471687897095,-0.9481108541833534,-0.026003765553290453,0.00016173939957187848
DSC00975.JPG,86.61764631047845,43.27011323347688,83.92030202457795,-0.3167657803360394,-0.948116085531522,-0.027111196213575536,0.00055839444181164
DSC00977.JPG,89.63558339327574,40.934761204058304,83.90643070939757,-0.3168581158723269,-0.9481104368562644,-0.026210658516377074,0.0007316489596224333
DSC01000.JPG,110.54916289635003,28.119151322403923,83.88436334016387,-0.3152229743546046,-0.9486382180242907,-0.026341044474698205,0.005114403065467651
DSC01002.JPG,107.14511284418404,30.613720678025857,83.88818063337487,-0.315474794735891,-0.9485438618834605,-0.026902251478710202,0.004057688373278861
DSC01004.JPG,104.15761978179216,32.809768036939204,83.89888090977058,-0.31564710912175914,-0.9485021167964315,-0.026536977972195487,0.0025349035224805938
DSC01006.JPG,101.30905245430768,34.977628627792,83.93064792394398,-0.3156202201051866,-0.9484849734633816,-0.02756383602069031,0.0006055730724618403
DSC01008.JPG,98.64529377967119,37.1839063456282,83.96281320896537,-0.31557123310888785,-0.9484844591864935,-0.028142806576977125,9.976878964857144e-05
DSC01010.JPG,95.75885426066816,39.61783500621095,83.96761341164665,0.31545965530239656,0.9485275017567067,0.027923882070115386,0.0010203420055954985
DSC01012.JPG,92.91639510914683,41.929836738388985,83.96113062074164,0.31524563037113784,0.9486197933757503,0.02716578017287465,0.0016433305366142113
DSC01014.JPG,90.01800109446049,44.36763044912368,83.95912441600092,0.31525079455201305,0.948613460105313,0.02735405777823008,0.001093327222582271
DSC01016.JPG,86.89348505809903,46.807702851714566,83.94688976445525,0.31534763095750773,0.9485701674749702,0.027706072147498463,0.0016978198232017227
DSC01018.JPG,83.74772051349282,49.18510370212607,83.91607601250166,0.31551759399470103,0.9485134004475246,0.02761396784438175,0.002906171219663763
DSC01020.JPG,80.64264113269746,51.51943259499967,83.99191126337462,0.31530959013578425,0.9485731894394623,0.027828348805384484,0.003788092899599719
DSC01034.JPG,78.88294995762408,57.35877109924331,83.9516198195887,0.3646505654419662,0.9311130011804573,0.004463253156023939,0.006214782927916551
DSC01036.JPG,82.48044434562325,54.37586612068117,83.99171104641573,0.3642881341292859,0.9312284213750027,0.009408935049032674,0.0043879946748756875
DSC01039.JPG,86.62939814291894,50.928135564085096,83.86584271179834,0.3638687124339786,0.9313266377065842,0.015076871131679374,0.0017152162156899714
DSC01067.JPG,115.58162497729063,31.304057913832366,83.89909056503802,-0.36093401664779984,-0.9320876986393407,-0.02931610587308457,0.008928807767054101
DSC01069.JPG,111.7812084518373,34.251213600393385,83.92021050547044,-0.361194171107779,-0.9319987888042591,-0.0290083423407578,0.008691633897048941
DSC01071.JPG,108.48293813690543,36.82808033307083,83.96800486890754,-0.361421238183817,-0.9319283310436843,-0.02890696230902554,0.006975809478071382
DSC01073.JPG,105.17655848897994,39.38079576799646,83.93916976968558,-0.3615305716847391,-0.9318506406940213,-0.030353941107153382,0.005354197858780714
DSC01075.JPG,101.9941469412297,41.87158058863133,83.95116658967561,-0.3618785329419143,-0.9317602908217762,-0.028978042971446804,0.0051923856820347844
DSC01078.JPG,98.09706086479127,44.92299152468331,83.95753622843904,-0.3616521165539735,-0.9317942963676554,-0.030909726159717443,0.003424131637199724
DSC01080.JPG,94.80468535237014,47.58745854184963,83.97157113832918,-0.3618872920145364,-0.93172260787027,-0.030349112329756164,0.0030824085720388477
DSC01082.JPG,92.14404715783894,49.72546139615588,83.89146394890827,-0.36185532996197606,-0.9317490243535491,-0.029941783040600283,0.0028223080392325065
DSC01086.JPG,85.84102727845311,54.57103196950629,83.7978962109089,-0.3618792257205004,-0.9316891945517217,-0.03157210818037724,0.0013684781846618305
DSC01102.JPG,82.14431509189308,61.32719680899754,83.92669110782947,-0.3642430393310883,-0.9309642660843515,-0.025148662452126547,0.0002972368503703622
DSC01104.JPG,85.72412004880607,58.32221550238319,83.91957192150608,-0.36387041935666486,-0.9310721558630484,-0.026495123726890016,0.000983317058234414
DSC01107.JPG,89.54910500906408,55.33660691929981,83.890682932191,-0.364321713267369,-0.9308887397639829,-0.0266957689560492,0.0017830710577597438
DSC01114.JPG,101.83778529241681,45.54428511089645,83.85745323081392,-0.3647777988370731,-0.9306259001856425,-0.029347868201864795,0.0033606563717197752
DSC01133.JPG,118.90289916656911,35.667668889742345,83.82641125069051,-0.3643963688517021,-0.9307225184676942,-0.03046654237029966,0.006532211022748244
DSC01135.JPG,115.0132679156959,38.36439391924068,83.77904986196495,-0.3648445247659649,-0.9305176778609581,-0.03180814765201734,0.0036831616167298446
DSC01137.JPG,111.97714540734887,41.0470107679721,83.74316757722102,-0.3649235531976326,-0.9305347553957806,-0.030411260549655445,0.003320324368373801
DSC01139.JPG,108.19306409545243,43.77641046443023,83.79589776347984,-0.3652513435842378,-0.9303690228127839,-0.031605593934682416,0.002454349675595162
DSC01141.JPG,105.30161946080625,46.16347733116709,83.77457429449612,-0.3652969865080651,-0.93035417241594,-0.03153871237542373,0.0021295863633534183
DSC01144.JPG,101.63426330313087,49.13595949835144,83.77588279170482,-0.36548830872903054,-0.9303211707485518,-0.03030197215015502,0.0016142872259132157
DSC01146.JPG,98.72718962840736,51.37824436230585,83.83959385401158,-0.3655114709153256,-0.9303143402562635,-0.030258591647354616,0.0010052732898296547
DSC01148.JPG,95.31104788556695,54.20239840634167,83.8512904773313,-0.36577677931490016,-0.9302335132915042,-0.029516607176624278,0.0013146726379884767
DSC01152.JPG,89.00162048451602,59.15737745654769,83.85520356223185,-0.36583074085961287,-0.9302223913203193,-0.029225600788326693,0.00018970233045380604
