timestamp, p_x, p_y, p_z, q_x, q_y, q_z, q_w
DSC00680.JPG,89.09977354854345,9.639126636087894,83.85949823993815,-0.33929003744206127,-0.9404451442140251,-0.019667453563975285,0.007641497702296392
DSC00682.JPG,86.09513739682734,11.71667586825788,83.92047428290891,-0.3386608340422173,-0.9406473106104061,-0.0208801542243193,0.007449542724812598
DSC00684.JPG,82.97763808257878,14.066773465601727,83.84817030230045,-0.33861219878205284,-0.9406792281446331,-0.020402743815640993,0.00693517252807871
DSC00686.JPG,79.44666687585413,16.82236647978425,83.85607223330521,-0.3385740531470107,-0.9406786397464342,-0.021179346153478988,0.0065377792035785625
DSC00688.JPG,76.47010515630245,19.342363581527025,83.91093524712403,-0.3386986670481275,-0.9406419086884651,-0.020917408803509313,0.006202787090513755
DSC00690.JPG,73.73804425448179,21.593946367967874,83.93365685634853,-0.338674713580542,-0.9406563427718292,-0.020704748540935725,0.006032957162254183
DSC00692.JPG,70.34393318928778,24.087175755295902,83.99755857268781,-0.3387987298986484,-0.9406240738013167,-0.020441772450414317,0.004889411371899765
DSC00695.JPG,66.24172263406217,27.629966733045876,83.96559965198287,-0.33866304859186036,-0.9406754750169776,-0.020597022454132502,0.0035711183226589858
DSC00697.JPG,62.62282254546881,30.601029669167474,83.94529912659584,-0.33865201943306195,-0.9406681867804294,-0.02117170498107127,0.003151352300666343
DSC00710.JPG,61.083471052348614,35.07840423542075,83.74092938014473,-0.34051994701716015,-0.9400807212277571,-0.01712481546614038,0.00106955812412357
DSC00713.JPG,66.17168032005429,31.10179062304087,83.91616503988814,-0.3402424434875431,-0.9401652677805619,-0.017891728784449546,0.002057899374137026
DSC00715.JPG,69.936534460634,28.296351762488484,84.11640545687283,-0.34015815270711397,-0.9401888856451699,-0.018137762786399027,0.0028830569334891525
DSC00718.JPG,73.78770215623081,24.976405581226572,84.01578095120988,-0.3401438178654871,-0.9401789893710604,-0.01870242696159021,0.00398375938638733
DSC00730.JPG,92.42974856495857,10.20234547299333,83.99353943685787,-0.33853198158972986,-0.9407073316397769,-0.020675373861798962,0.006192136608305156
DSC00731.JPG,95.95646026171744,10.594970434438437,83.89521974452782,-0.3392638635467498,-0.9404469870669894,-0.020587801234919913,0.005969744405401684
DSC00734.JPG,92.23348196968436,13.8970480307471,83.78980324575105,-0.33827558784125245,-0.9407874661984663,-0.021584705457161613,0.004761365859995946
DSC00736.JPG,88.15988888591528,17.087685248581693,84.06902587824891,-0.33843856290227053,-0.9407535657042699,-0.020851811300246912,0.0026962419859341037
DSC00738.JPG,84.78356863744557,19.525812374195084,83.90577887108532,-0.33816917030405336,-0.9408497352744143,-0.02104826402779236,0.0005987247690580288
DSC00740.JPG,81.8661175724119,22.084924603579566,83.92811724361081,0.33800230919419916,0.9409111880672552,0.02098325226592752,0.00052751644525253
DSC00742.JPG,78.95540937967598,24.44840929750353,83.91254376462314,0.33792994671068316,0.940951880416802,0.0202618386728564,0.0015387494253536695
DSC00751.JPG,65.79573866352439,34.90811586822383,83.84379346459207,0.3381209108253039,0.9408876802431232,0.02004196005686897,0.0017154201992662947
DSC00764.JPG,65.05606841109693,39.13413474266417,83.7991193756967,-0.3431977391150878,-0.9391266198984703,-0.015889583242491772,0.002006192599527696
DSC00767.JPG,69.70111263170838,35.22843885445036,83.80854342386124,-0.3431104839948499,-0.9391498323977874,-0.016349428203655043,0.002341853420155353
DSC00769.JPG,72.404671497643,33.19693416450173,83.74416646234329,-0.3428603913163464,-0.9392475236467239,-0.015806044755689155,0.0033181830992622193
DSC00771.JPG,75.41761291585863,31.164282294921577,83.88034618334211,-0.3435587165830992,-0.9389759264114597,-0.01679004785030647,0.003116435896847086
DSC00773.JPG,78.19530732743442,28.764625772135332,84.01220602774447,-0.3436430385700249,-0.9389465724668177,-0.016667826632157216,0.003313555573053992
DSC00781.JPG,91.82969776913524,17.52029743976891,83.73195601684995,-0.3436905071851865,-0.9389022097122939,-0.017932729677313314,0.0042300206242322485
DSC00784.JPG,96.07916004024446,14.269827916286886,83.76871367651268,-0.344084827530294,-0.9387382429664295,-0.018850517343575353,0.004560773139329243
DSC00786.JPG,99.25281688570976,11.834430002840236,83.88925777466488,-0.3443118888250048,-0.9386469188608046,-0.01915963844912677,0.004918656460249999
DSC00797.JPG,99.56806862726808,15.253530332120135,83.9608321865635,-0.3435487560437755,-0.9389083771865109,-0.020153233023227787,0.004377061626164151
DSC00799.JPG,96.17415697313845,17.979726299410686,83.91029519422943,-0.34346813199556786,-0.9389625667678893,-0.019091014666130716,0.003804427834743926
DSC00802.JPG,91.55054589174688,21.362727052066475,83.81066998847655,-0.34297665981176717,-0.9391325712940781,-0.019805923947940715,0.0021793887916236113
DSC00804.JPG,87.37397149391472,24.939499330474064,83.9388217232945,-0.34274304198334243,-0.9392012170918846,-0.020690335295288555,0.0004370474758061002
DSC00806.JPG,84.22270153462887,27.302852714434266,83.99423983075894,0.3425756790266124,0.9392780345062168,0.019966587305891233,0.0001158660850183172
DSC00816.JPG,68.98566192388535,39.557603197405115,83.95028057869149,0.3430269063812203,0.9391486677295041,0.017887904966701836,0.003513439387448337
DSC00829.JPG,68.83050180971622,43.341394616058096,83.8897115983068,0.3444919080796232,0.9387043450410735,0.012590480200000755,0.0009786097299232111
DSC00832.JPG,73.2513251490891,39.70977345528081,84.20676203458618,0.3442219055415668,0.9387829540855386,0.014065299859189747,0.00011047005748266022
DSC00834.JPG,76.36362735554576,37.19766222452745,84.26091826102925,-0.34448103897155363,-0.9386823996814112,-0.014426831255598061,0.00018126595950761847
DSC00836.JPG,79.48126614838839,34.73785134754144,84.04129462402909,-0.34442783652856884,-0.9386917716118076,-0.015073875211194195,4.0232487081925836e-05
DSC00838.JPG,82.14367765374482,32.62535992730409,84.26793293564867,-0.3444316804539308,-0.938683331306401,-0.015485481894317516,0.0007879579297969799
DSC00844.JPG,91.16947605833411,25.3283999748528,83.73478231866864,-0.34424621113309645,-0.938729445791511,-0.016769942198684086,0.0005854597531389172
DSC00847.JPG,95.2877865023911,21.975894425529987,83.75073350536809,-0.344183375981024,-0.9387335115289909,-0.0177758162569621,0.0011038057590744292
DSC00852.JPG,102.88389917463064,16.121478895191103,83.55251963762043,-0.3439407340009632,-0.9388054316821237,-0.0184931765737862,0.0026712093199169717
DSC00863.JPG,101.36848074942827,20.58439959771931,83.76165530377011,-0.34341770020128276,-0.9389803643607166,-0.01896223921985268,0.004537842796630395
DSC00867.JPG,94.953389339149,25.910672057420015,83.80727987737885,-0.34337398315926615,-0.9390084605489109,-0.01859474171073323,0.0034138376668471004
DSC00870.JPG,90.64273983240128,29.518528749002144,83.97223063794081,-0.34312600202055143,-0.9390952736020217,-0.018799786947008908,0.0033439268059518123
DSC00872.JPG,87.68760038726032,31.842721410328522,83.9321255921626,-0.3431631383697009,-0.9390819976815028,-0.018913707714456596,0.0025166953069921476
DSC00882.JPG,72.88192944601178,43.46106757223606,83.86880990341183,-0.3433309544379909,-0.9390325632657546,-0.018394192819616843,0.0018315353557819818
DSC00895.JPG,71.7865755725652,48.24066634639166,84.06663220782036,-0.3446062872580586,-0.9386508241488809,-0.013333826776514143,0.0018292540383419867
DSC00898.JPG,76.25975473225117,44.34072199231014,83.98869055467651,-0.3443176955685571,-0.9387490060758016,-0.013340042705249796,0.004203732945264274
DSC00900.JPG,79.14856291934848,42.01336943497881,84.11202704169887,-0.34438140385172344,-0.9387052537467944,-0.01492345456939189,0.003344513865733386
DSC00903.JPG,83.69010023213923,38.50989104737528,84.05870894137843,-0.3442253859598601,-0.9387378070729631,-0.01620547052004628,0.004194753610596289
DSC00905.JPG,86.70285499840975,36.05592519999482,83.7985187666103,-0.3436876185973844,-0.9389175772251176,-0.017132839859008278,0.004366898091332108
DSC00927.JPG,94.00696484744549,30.18482554075308,83.98792683695524,-0.3558808717361989,-0.9343920250822249,-0.016089488879816195,0.0012152952761118427
DSC00930.JPG,99.0113492961973,26.352274090750143,83.93188958808014,-0.3560114451951739,-0.9343116028460792,-0.017667616966861737,0.0023526555094864005
DSC00932.JPG,102.01091042533517,23.908602880081162,83.89322822089946,-0.35597218901271943,-0.9343388754032869,-0.016748572698613465,0.0037618974165725826
DSC00935.JPG,106.20048245973885,20.528329147957265,83.76046841672519,-0.35619708716621834,-0.934246657966009,-0.016991394324646858,0.004255548442754295
DSC00951.JPG,98.90501523949206,29.913825191091746,83.91917928606256,-0.35543624295923254,-0.9345494346425727,-0.016471021778854195,0.0033371907098173064
DSC00954.JPG,94.18041026219726,33.8091488329228,84.09258935365517,-0.3551074166439039,-0.9346697720947221,-0.01690660312161613,0.0023035945349217705
DSC00956.JPG,91.13669552467763,36.51069557550363,84.27181183148355,-0.3550897965471419,-0.9346750690348316,-0.01693019570602314,0.0026683677029324102
DSC00959.JPG,87.03204642049968,39.62850448372774,84.17194305499788,-0.3550858213246275,-0.9346909378834616,-0.0160397688492286,0.003104182342117893
DSC00961.JPG,83.02850825712085,42.764959048014134,84.12600342030066,-0.3550726973783347,-0.9346905873281954,-0.016343462882296007,0.0031267807025367905
DSC00966.JPG,76.00212940014899,48.36325563886203,83.86777216894222,-0.35508563495817813,-0.9346896522254573,-0.016188050609456456,0.002718986294031107
DSC00980.JPG,75.38192798569798,52.23910452029668,83.87181698582435,-0.3555533567417443,-0.9345293134856696,-0.015008120656541725,0.0033954469572531794
DSC00983.JPG,80.01499949209392,48.261455996660516,83.91122752860406,-0.35525920758442375,-0.9346447224048592,-0.014492564734852803,0.004483734452194188
DSC00995.JPG,97.55254480987787,34.53000034485012,83.95751890545921,-0.3555724966641118,-0.9344768687522282,-0.017063367641767135,0.00547931271268207
DSC00999.JPG,103.32738224603236,29.75632649147883,84.02974089885015,-0.3558361962986792,-0.9343742615756617,-0.017051060194353828,0.005882351134801486
DSC01001.JPG,106.66570543311536,27.01489614439197,83.94097896181893,-0.3561147610009769,-0.9342489671446224,-0.017922597622914267,0.00631861384091098
DSC01003.JPG,109.32868569158018,24.854439308168367,83.80945068063147,-0.3563173326103209,-0.9341683404792659,-0.017935093728050126,0.006767757431092492
DSC01015.JPG,107.53074721433222,30.26313037564978,83.82581467800355,-0.3570704551170387,-0.9338882107265001,-0.017651752748932957,0.0064742237725635
DSC01018.JPG,103.30785572901368,33.32022730074823,83.66639545204475,-0.35739532827397574,-0.9337876492099175,-0.016900913846625124,0.00485434054247787
DSC01022.JPG,97.49263248965144,38.178885023342445,83.98888383742201,-0.3576522919581217,-0.933685950257896,-0.017247693956129254,0.0042310047633641445
DSC01025.JPG,92.96051649004221,41.68111054133624,83.82778224568187,-0.3577971270990674,-0.9336453081674989,-0.016437550166187715,0.004178674551071118
DSC01027.JPG,90.16715584509075,43.88834998104721,83.85374542054262,-0.3579539153100233,-0.9335850502824012,-0.01660582241599959,0.0034921433703413
DSC01029.JPG,87.39211720228195,46.16965249250643,83.94366188933623,-0.35800866183225105,-0.9335807285756379,-0.015775954325773497,0.0028178982190357727
DSC01031.JPG,84.57269056141376,48.590021608164534,84.0432483690056,-0.3580014797947158,-0.9335827925186254,-0.015827715449542718,0.0027556127388828292
DSC01033.JPG,80.86014963127673,51.51113344496116,84.00691093670036,-0.3579891842937426,-0.933588787553269,-0.01582243436685438,0.002317380897614485
DSC01048.JPG,78.9700573142618,56.59213508339599,83.96922436378725,0.3591193196384509,0.9332009919220852,0.01300419592297136,0.0003373817561929038
DSC01052.JPG,84.63314871676266,51.998260660329834,83.81055693273788,-0.35898073422391197,-0.9332371509509951,-0.014175748517654227,0.0005483565398159862
DSC01060.JPG,96.58103935979307,42.6837056085933,83.79205258473723,-0.35896945303360084,-0.9332482221680931,-0.013711726860967447,0.0008222866544545071
DSC01063.JPG,101.22562959045172,38.757855131756514,83.859350602934,-0.3589127061966229,-0.9332591900329182,-0.014404805183640266,0.0012062907357301314
DSC01067.JPG,107.1557618174702,33.88979168445803,83.76160295243392,-0.3590034109828397,-0.9332059864191453,-0.015339204228445287,0.002801183284582819
DSC01070.JPG,111.56617665663362,30.52143641584553,83.84593345946928,-0.3589442059360624,-0.9332278371547567,-0.015460164988551756,0.0024174951728857946
DSC01081.JPG,115.19339724443853,31.439904160564765,83.80465325678767,-0.3577108539507118,-0.9336603196059575,-0.017435678139423188,0.004165295544415649
DSC01083.JPG,111.51083649136126,34.12898963992484,83.91543214564638,-0.35758603203583944,-0.9337094126679135,-0.01724160188227227,0.004657204390773401
DSC01086.JPG,107.09124908223748,37.528261055704206,83.94624934237606,-0.3577300749337887,-0.9336534494457424,-0.017367945018021427,0.004334087191448632
DSC01090.JPG,100.8163326587528,42.564365507569164,83.78130586848783,-0.35786732726044684,-0.9336135281893967,-0.016821333356122986,0.003714674323903222
DSC01094.JPG,95.56371611170471,46.76360051170923,83.83159997551093,-0.3577770087601493,-0.9336556868776926,-0.016438261420485278,0.003529011909338196
DSC01096.JPG,92.21842309087515,49.310506757348776,83.69244932854554,-0.35793278009737234,-0.9336133702962579,-0.015503671153447807,0.0031362264896671243
DSC01098.JPG,89.40322676859796,51.936693985247985,83.72365828330578,-0.3579358016695726,-0.9336008614244631,-0.016289008277518304,0.002462039803722914
DSC01101.JPG,84.45414249040186,55.986285225255415,83.85834606722324,-0.35793939271131775,-0.9336172861769739,-0.015217121669363615,0.002567743190990949
DSC01115.JPG,81.61203804798424,61.44529807893559,83.95157908499277,-0.3587624232214096,-0.9333464165017783,-0.01237372754326641,0.0009388047063373529
DSC01119.JPG,88.15927095524967,56.102582671679556,84.04799077917062,-0.35862715189585787,-0.933396013183258,-0.012559199476725768,0.0008455797824812633
DSC01124.JPG,95.86519842781126,50.29062578920275,84.03931473890805,-0.35854005014291407,-0.9334212142739362,-0.013106036876281932,0.001449477245162898
DSC01126.JPG,98.78153633885086,47.737295964499936,83.95266359045172,-0.358391825238659,-0.9334691450411201,-0.013704455595489884,0.0016860471919738203
DSC01130.JPG,104.18536131829023,43.36944989580661,83.84397108141263,-0.3583409343285495,-0.9334834707451805,-0.013944139030491262,0.002438363544011369
DSC01134.JPG,111.15165480971336,38.111519204918295,83.77392535644344,-0.3578247474538834,-0.9336654148080873,-0.014724481388870593,0.003678715623161684
DSC01137.JPG,115.02625053189695,34.94673081487417,83.83509756190665,-0.357979588304168,-0.9336111230017248,-0.014398664759538033,0.0036829089288819717
DSC01153.JPG,110.57049999013543,41.85608897800557,83.85390660815119,-0.35718673538273493,-0.9338535680523121,-0.0175863626643152,0.005086192173766164
DSC01157.JPG,104.18115795217454,47.15583451138809,83.88031803104673,-0.3570973712038313,-0.9338942097643024,-0.017615704655080364,0.0035720298889327607
DSC01164.JPG,94.28743226826191,54.67906744056381,83.91925436352938,-0.35733306558691796,-0.9338370301672504,-0.015917081983618603,0.0028509345471712656
DSC01166.JPG,91.37596476450562,57.29004858410917,83.88978883205016,-0.3568718345069557,-0.9340066178722749,-0.016326545630428776,0.0027523470369577143
DSC01168.JPG,87.91348779387772,60.09652514476329,83.9998004867989,-0.35680486955945384,-0.9340324645980278,-0.016478811946355847,0.0014453001179876752
